0.00000000
0.01224490
0.02448980
0.03673469
0.04897959
0.06122449
0.07346939
0.08571429
0.09795918
0.11020408
0.12244898
0.13469388
0.14693878
0.15918367
0.17142857
0.18367347
0.19591837
0.20816327
0.22040816
0.23265306
0.24489796
0.25714286
0.26938776
0.28163265
0.29387755
0.30612245
0.31836735
0.33061224
0.34285714
0.35510204
0.36734694
0.37959184
0.39183673
0.40408163
0.41632653
0.42857143
0.44081633
0.45306122
0.46530612
0.47755102
0.48979592
0.50204082
0.51428571
0.52653061
0.53877551
0.55102041
0.56326531
0.57551020
0.58775510
0.60000000
