 0.00000000 0.00000000 203.45527
 0.00000000 0.00816327 203.45527
 0.00000000 0.01632653 203.45527
 0.00000000 0.02448980 203.45527
 0.00000000 0.03265306 203.45527
 0.00000000 0.04081633 203.45527
 0.00000000 0.04897959 203.45527
 0.00000000 0.05714286 203.45527
 0.00000000 0.06530612 203.45526
 0.00000000 0.07346939 203.45526
 0.00000000 0.08163265 203.45526
 0.00000000 0.08979592 203.45525
 0.00000000 0.09795918 203.45523
 0.00000000 0.10612245 203.45521
 0.00000000 0.11428571 203.45517
 0.00000000 0.12244898 203.45512
 0.00000000 0.13061224 203.45503
 0.00000000 0.13877551 203.45490
 0.00000000 0.14693878 203.45470
 0.00000000 0.15510204 203.45441
 0.00000000 0.16326531 203.45398
 0.00000000 0.17142857 203.45336
 0.00000000 0.17959184 203.45248
 0.00000000 0.18775510 203.45123
 0.00000000 0.19591837 203.44950
 0.00000000 0.20408163 203.44712
 0.00000000 0.21224490 203.44390
 0.00000000 0.22040816 203.43960
 0.00000000 0.22857143 203.43394
 0.00000000 0.23673469 203.42660
 0.00000000 0.24489796 203.41725
 0.00000000 0.25306122 203.40552
 0.00000000 0.26122449 203.39107
 0.00000000 0.26938776 203.37361
 0.00000000 0.27755102 203.35297
 0.00000000 0.28571429 203.32920
 0.00000000 0.29387755 203.30267
 0.00000000 0.30204082 203.27423
 0.00000000 0.31020408 203.24551
 0.00000000 0.31836735 203.21920
 0.00000000 0.32653061 203.19963
 0.00000000 0.33469388 203.19363
 0.00000000 0.34285714 203.21197
 0.00000000 0.35102041 203.27208
 0.00000000 0.35918367 203.40392
 0.00000000 0.36734694 203.66520
 0.00000000 0.37551020 204.19383
 0.00000000 0.38367347 205.43496
 0.00000000 0.39183673 209.27791
 0.00000000 0.40000000 225.16956
 0.01224490 0.00000000 217.02047
 0.01224490 0.00816327 217.02047
 0.01224490 0.01632653 217.02047
 0.01224490 0.02448980 217.02047
 0.01224490 0.03265306 217.02047
 0.01224490 0.04081633 217.02047
 0.01224490 0.04897959 217.02046
 0.01224490 0.05714286 217.02046
 0.01224490 0.06530612 217.02045
 0.01224490 0.07346939 217.02043
 0.01224490 0.08163265 217.02041
 0.01224490 0.08979592 217.02036
 0.01224490 0.09795918 217.02029
 0.01224490 0.10612245 217.02018
 0.01224490 0.11428571 217.02000
 0.01224490 0.12244898 217.01973
 0.01224490 0.13061224 217.01930
 0.01224490 0.13877551 217.01866
 0.01224490 0.14693878 217.01769
 0.01224490 0.15510204 217.01625
 0.01224490 0.16326531 217.01414
 0.01224490 0.17142857 217.01108
 0.01224490 0.17959184 217.00672
 0.01224490 0.18775510 217.00057
 0.01224490 0.19591837 216.99202
 0.01224490 0.20408163 216.98027
 0.01224490 0.21224490 216.96437
 0.01224490 0.22040816 216.94313
 0.01224490 0.22857143 216.91519
 0.01224490 0.23673469 216.87898
 0.01224490 0.24489796 216.83278
 0.01224490 0.25306122 216.77481
 0.01224490 0.26122449 216.70334
 0.01224490 0.26938776 216.61695
 0.01224490 0.27755102 216.51474
 0.01224490 0.28571429 216.39684
 0.01224490 0.29387755 216.26496
 0.01224490 0.30204082 216.12317
 0.01224490 0.31020408 215.97911
 0.01224490 0.31836735 215.84561
 0.01224490 0.32653061 215.74318
 0.01224490 0.33469388 215.70389
 0.01224490 0.34285714 215.77788
 0.01224490 0.35102041 216.04455
 0.01224490 0.35918367 216.63337
 0.01224490 0.36734694 217.76393
 0.01224490 0.37551020 219.82597
 0.01224490 0.38367347 223.53872
 0.01224490 0.39183673 230.23609
 0.01224490 0.40000000 242.12000
 0.02448980 0.00000000 230.09267
 0.02448980 0.00816327 230.09267
 0.02448980 0.01632653 230.09267
 0.02448980 0.02448980 230.09267
 0.02448980 0.03265306 230.09267
 0.02448980 0.04081633 230.09266
 0.02448980 0.04897959 230.09266
 0.02448980 0.05714286 230.09265
 0.02448980 0.06530612 230.09263
 0.02448980 0.07346939 230.09260
 0.02448980 0.08163265 230.09255
 0.02448980 0.08979592 230.09248
 0.02448980 0.09795918 230.09235
 0.02448980 0.10612245 230.09215
 0.02448980 0.11428571 230.09184
 0.02448980 0.12244898 230.09135
 0.02448980 0.13061224 230.09060
 0.02448980 0.13877551 230.08945
 0.02448980 0.14693878 230.08773
 0.02448980 0.15510204 230.08517
 0.02448980 0.16326531 230.08143
 0.02448980 0.17142857 230.07600
 0.02448980 0.17959184 230.06825
 0.02448980 0.18775510 230.05732
 0.02448980 0.19591837 230.04211
 0.02448980 0.20408163 230.02120
 0.02448980 0.21224490 229.99287
 0.02448980 0.22040816 229.95501
 0.02448980 0.22857143 229.90514
 0.02448980 0.23673469 229.84042
 0.02448980 0.24489796 229.75769
 0.02448980 0.25306122 229.65366
 0.02448980 0.26122449 229.52504
 0.02448980 0.26938776 229.36895
 0.02448980 0.27755102 229.18334
 0.02448980 0.28571429 228.96767
 0.02448980 0.29387755 228.72377
 0.02448980 0.30204082 228.45710
 0.02448980 0.31020408 228.17830
 0.02448980 0.31836735 227.90545
 0.02448980 0.32653061 227.66704
 0.02448980 0.33469388 227.50629
 0.02448980 0.34285714 227.48732
 0.02448980 0.35102041 227.70415
 0.02448980 0.35918367 228.29375
 0.02448980 0.36734694 229.45390
 0.02448980 0.37551020 231.46384
 0.02448980 0.38367347 234.69415
 0.02448980 0.39183673 239.55673
 0.02448980 0.40000000 246.25183
 0.03673469 0.00000000 242.32236
 0.03673469 0.00816327 242.32236
 0.03673469 0.01632653 242.32236
 0.03673469 0.02448980 242.32236
 0.03673469 0.03265306 242.32236
 0.03673469 0.04081633 242.32235
 0.03673469 0.04897959 242.32234
 0.03673469 0.05714286 242.32233
 0.03673469 0.06530612 242.32231
 0.03673469 0.07346939 242.32227
 0.03673469 0.08163265 242.32220
 0.03673469 0.08979592 242.32209
 0.03673469 0.09795918 242.32191
 0.03673469 0.10612245 242.32163
 0.03673469 0.11428571 242.32119
 0.03673469 0.12244898 242.32050
 0.03673469 0.13061224 242.31943
 0.03673469 0.13877551 242.31781
 0.03673469 0.14693878 242.31538
 0.03673469 0.15510204 242.31176
 0.03673469 0.16326531 242.30646
 0.03673469 0.17142857 242.29878
 0.03673469 0.17959184 242.28780
 0.03673469 0.18775510 242.27231
 0.03673469 0.19591837 242.25071
 0.03673469 0.20408163 242.22101
 0.03673469 0.21224490 242.18073
 0.03673469 0.22040816 242.12682
 0.03673469 0.22857143 242.05570
 0.03673469 0.23673469 241.96319
 0.03673469 0.24489796 241.84467
 0.03673469 0.25306122 241.69516
 0.03673469 0.26122449 241.50959
 0.03673469 0.26938776 241.28323
 0.03673469 0.27755102 241.01219
 0.03673469 0.28571429 240.69428
 0.03673469 0.29387755 240.32992
 0.03673469 0.30204082 239.92354
 0.03673469 0.31020408 239.48517
 0.03673469 0.31836735 239.03258
 0.03673469 0.32653061 238.59378
 0.03673469 0.33469388 238.21016
 0.03673469 0.34285714 237.94021
 0.03673469 0.35102041 237.86351
 0.03673469 0.35918367 238.08441
 0.03673469 0.36734694 238.73316
 0.03673469 0.37551020 239.95956
 0.03673469 0.38367347 241.90902
 0.03673469 0.39183673 244.66341
 0.03673469 0.40000000 248.12782
 0.04897959 0.00000000 253.43079
 0.04897959 0.00816327 253.43079
 0.04897959 0.01632653 253.43079
 0.04897959 0.02448980 253.43079
 0.04897959 0.03265306 253.43078
 0.04897959 0.04081633 253.43078
 0.04897959 0.04897959 253.43077
 0.04897959 0.05714286 253.43075
 0.04897959 0.06530612 253.43072
 0.04897959 0.07346939 253.43067
 0.04897959 0.08163265 253.43058
 0.04897959 0.08979592 253.43044
 0.04897959 0.09795918 253.43022
 0.04897959 0.10612245 253.42986
 0.04897959 0.11428571 253.42930
 0.04897959 0.12244898 253.42842
 0.04897959 0.13061224 253.42707
 0.04897959 0.13877551 253.42501
 0.04897959 0.14693878 253.42192
 0.04897959 0.15510204 253.41732
 0.04897959 0.16326531 253.41058
 0.04897959 0.17142857 253.40080
 0.04897959 0.17959184 253.38681
 0.04897959 0.18775510 253.36704
 0.04897959 0.19591837 253.33948
 0.04897959 0.20408163 253.30152
 0.04897959 0.21224490 253.24997
 0.04897959 0.22040816 253.18087
 0.04897959 0.22857143 253.08952
 0.04897959 0.23673469 252.97045
 0.04897959 0.24489796 252.81746
 0.04897959 0.25306122 252.62380
 0.04897959 0.26122449 252.38238
 0.04897959 0.26938776 252.08627
 0.04897959 0.27755102 251.72917
 0.04897959 0.28571429 251.30629
 0.04897959 0.29387755 250.81532
 0.04897959 0.30204082 250.25766
 0.04897959 0.31020408 249.63991
 0.04897959 0.31836735 248.97556
 0.04897959 0.32653061 248.28681
 0.04897959 0.33469388 247.60639
 0.04897959 0.34285714 246.97911
 0.04897959 0.35102041 246.46264
 0.04897959 0.35918367 246.12650
 0.04897959 0.36734694 246.04769
 0.04897959 0.37551020 246.30058
 0.04897959 0.38367347 246.93784
 0.04897959 0.39183673 247.96092
 0.04897959 0.40000000 249.28487
 0.06122449 0.00000000 263.22790
 0.06122449 0.00816327 263.22790
 0.06122449 0.01632653 263.22790
 0.06122449 0.02448980 263.22789
 0.06122449 0.03265306 263.22789
 0.06122449 0.04081633 263.22788
 0.06122449 0.04897959 263.22787
 0.06122449 0.05714286 263.22785
 0.06122449 0.06530612 263.22781
 0.06122449 0.07346939 263.22775
 0.06122449 0.08163265 263.22765
 0.06122449 0.08979592 263.22749
 0.06122449 0.09795918 263.22722
 0.06122449 0.10612245 263.22680
 0.06122449 0.11428571 263.22613
 0.06122449 0.12244898 263.22508
 0.06122449 0.13061224 263.22347
 0.06122449 0.13877551 263.22102
 0.06122449 0.14693878 263.21733
 0.06122449 0.15510204 263.21184
 0.06122449 0.16326531 263.20379
 0.06122449 0.17142857 263.19211
 0.06122449 0.17959184 263.17538
 0.06122449 0.18775510 263.15172
 0.06122449 0.19591837 263.11869
 0.06122449 0.20408163 263.07317
 0.06122449 0.21224490 263.01123
 0.06122449 0.22040816 262.92808
 0.06122449 0.22857143 262.81795
 0.06122449 0.23673469 262.67404
 0.06122449 0.24489796 262.48863
 0.06122449 0.25306122 262.25312
 0.06122449 0.26122449 261.95831
 0.06122449 0.26938776 261.59481
 0.06122449 0.27755102 261.15357
 0.06122449 0.28571429 260.62662
 0.06122449 0.29387755 260.00807
 0.06122449 0.30204082 259.29514
 0.06122449 0.31020408 258.48948
 0.06122449 0.31836735 257.59849
 0.06122449 0.32653061 256.63653
 0.06122449 0.33469388 255.62600
 0.06122449 0.34285714 254.59772
 0.06122449 0.35102041 253.59046
 0.06122449 0.35918367 252.64881
 0.06122449 0.36734694 251.81875
 0.06122449 0.37551020 251.14028
 0.06122449 0.38367347 250.63689
 0.06122449 0.39183673 250.30325
 0.06122449 0.40000000 250.09568
 0.07346939 0.00000000 271.61867
 0.07346939 0.00816327 271.61867
 0.07346939 0.01632653 271.61867
 0.07346939 0.02448980 271.61867
 0.07346939 0.03265306 271.61866
 0.07346939 0.04081633 271.61865
 0.07346939 0.04897959 271.61864
 0.07346939 0.05714286 271.61862
 0.07346939 0.06530612 271.61857
 0.07346939 0.07346939 271.61850
 0.07346939 0.08163265 271.61839
 0.07346939 0.08979592 271.61820
 0.07346939 0.09795918 271.61790
 0.07346939 0.10612245 271.61742
 0.07346939 0.11428571 271.61665
 0.07346939 0.12244898 271.61546
 0.07346939 0.13061224 271.61362
 0.07346939 0.13877551 271.61083
 0.07346939 0.14693878 271.60661
 0.07346939 0.15510204 271.60034
 0.07346939 0.16326531 271.59113
 0.07346939 0.17142857 271.57777
 0.07346939 0.17959184 271.55861
 0.07346939 0.18775510 271.53150
 0.07346939 0.19591837 271.49360
 0.07346939 0.20408163 271.44130
 0.07346939 0.21224490 271.37005
 0.07346939 0.22040816 271.27425
 0.07346939 0.22857143 271.14711
 0.07346939 0.23673469 270.98063
 0.07346939 0.24489796 270.76557
 0.07346939 0.25306122 270.49156
 0.07346939 0.26122449 270.14728
 0.07346939 0.26938776 269.72087
 0.07346939 0.27755102 269.20039
 0.07346939 0.28571429 268.57455
 0.07346939 0.29387755 267.83359
 0.07346939 0.30204082 266.97022
 0.07346939 0.31020408 265.98079
 0.07346939 0.31836735 264.86637
 0.07346939 0.32653061 263.63371
 0.07346939 0.33469388 262.29593
 0.07346939 0.34285714 260.87265
 0.07346939 0.35102041 259.38934
 0.07346939 0.35918367 257.87557
 0.07346939 0.36734694 256.36190
 0.07346939 0.37551020 254.87557
 0.07346939 0.38367347 253.43513
 0.07346939 0.39183673 252.04552
 0.07346939 0.40000000 250.69544
 0.08571429 0.00000000 278.59822
 0.08571429 0.00816327 278.59822
 0.08571429 0.01632653 278.59822
 0.08571429 0.02448980 278.59821
 0.08571429 0.03265306 278.59821
 0.08571429 0.04081633 278.59820
 0.08571429 0.04897959 278.59818
 0.08571429 0.05714286 278.59816
 0.08571429 0.06530612 278.59811
 0.08571429 0.07346939 278.59803
 0.08571429 0.08163265 278.59791
 0.08571429 0.08979592 278.59770
 0.08571429 0.09795918 278.59737
 0.08571429 0.10612245 278.59683
 0.08571429 0.11428571 278.59599
 0.08571429 0.12244898 278.59467
 0.08571429 0.13061224 278.59264
 0.08571429 0.13877551 278.58955
 0.08571429 0.14693878 278.58488
 0.08571429 0.15510204 278.57795
 0.08571429 0.16326531 278.56774
 0.08571429 0.17142857 278.55293
 0.08571429 0.17959184 278.53168
 0.08571429 0.18775510 278.50158
 0.08571429 0.19591837 278.45946
 0.08571429 0.20408163 278.40127
 0.08571429 0.21224490 278.32189
 0.08571429 0.22040816 278.21501
 0.08571429 0.22857143 278.07294
 0.08571429 0.23673469 277.88654
 0.08571429 0.24489796 277.64522
 0.08571429 0.25306122 277.33693
 0.08571429 0.26122449 276.94840
 0.08571429 0.26938776 276.46541
 0.08571429 0.27755102 275.87330
 0.08571429 0.28571429 275.15759
 0.08571429 0.29387755 274.30481
 0.08571429 0.30204082 273.30345
 0.08571429 0.31020408 272.14495
 0.08571429 0.31836735 270.82475
 0.08571429 0.32653061 269.34318
 0.08571429 0.33469388 267.70612
 0.08571429 0.34285714 265.92520
 0.08571429 0.35102041 264.01747
 0.08571429 0.35918367 262.00436
 0.08571429 0.36734694 259.90982
 0.08571429 0.37551020 257.75791
 0.08571429 0.38367347 255.57015
 0.08571429 0.39183673 253.36317
 0.08571429 0.40000000 251.14775
 0.09795918 0.00000000 284.23780
 0.09795918 0.00816327 284.23780
 0.09795918 0.01632653 284.23780
 0.09795918 0.02448980 284.23779
 0.09795918 0.03265306 284.23779
 0.09795918 0.04081633 284.23778
 0.09795918 0.04897959 284.23776
 0.09795918 0.05714286 284.23773
 0.09795918 0.06530612 284.23768
 0.09795918 0.07346939 284.23760
 0.09795918 0.08163265 284.23747
 0.09795918 0.08979592 284.23724
 0.09795918 0.09795918 284.23688
 0.09795918 0.10612245 284.23631
 0.09795918 0.11428571 284.23540
 0.09795918 0.12244898 284.23398
 0.09795918 0.13061224 284.23179
 0.09795918 0.13877551 284.22844
 0.09795918 0.14693878 284.22341
 0.09795918 0.15510204 284.21591
 0.09795918 0.16326531 284.20488
 0.09795918 0.17142857 284.18885
 0.09795918 0.17959184 284.16585
 0.09795918 0.18775510 284.13323
 0.09795918 0.19591837 284.08755
 0.09795918 0.20408163 284.02439
 0.09795918 0.21224490 283.93814
 0.09795918 0.22040816 283.82185
 0.09795918 0.22857143 283.66706
 0.09795918 0.23673469 283.46365
 0.09795918 0.24489796 283.19982
 0.09795918 0.25306122 282.86207
 0.09795918 0.26122449 282.43537
 0.09795918 0.26938776 281.90343
 0.09795918 0.27755102 281.24916
 0.09795918 0.28571429 280.45526
 0.09795918 0.29387755 279.50503
 0.09795918 0.30204082 278.38327
 0.09795918 0.31020408 277.07732
 0.09795918 0.31836735 275.57803
 0.09795918 0.32653061 273.88076
 0.09795918 0.33469388 271.98616
 0.09795918 0.34285714 269.90053
 0.09795918 0.35102041 267.63596
 0.09795918 0.35918367 265.20980
 0.09795918 0.36734694 262.64376
 0.09795918 0.37551020 259.96252
 0.09795918 0.38367347 257.19228
 0.09795918 0.39183673 254.35931
 0.09795918 0.40000000 251.48914
 0.11020408 0.00000000 288.66517
 0.11020408 0.00816327 288.66517
 0.11020408 0.01632653 288.66516
 0.11020408 0.02448980 288.66516
 0.11020408 0.03265306 288.66516
 0.11020408 0.04081633 288.66515
 0.11020408 0.04897959 288.66513
 0.11020408 0.05714286 288.66510
 0.11020408 0.06530612 288.66504
 0.11020408 0.07346939 288.66496
 0.11020408 0.08163265 288.66481
 0.11020408 0.08979592 288.66458
 0.11020408 0.09795918 288.66420
 0.11020408 0.10612245 288.66359
 0.11020408 0.11428571 288.66263
 0.11020408 0.12244898 288.66112
 0.11020408 0.13061224 288.65880
 0.11020408 0.13877551 288.65526
 0.11020408 0.14693878 288.64992
 0.11020408 0.15510204 288.64197
 0.11020408 0.16326531 288.63027
 0.11020408 0.17142857 288.61325
 0.11020408 0.17959184 288.58881
 0.11020408 0.18775510 288.55414
 0.11020408 0.19591837 288.50556
 0.11020408 0.20408163 288.43832
 0.11020408 0.21224490 288.34642
 0.11020408 0.22040816 288.22240
 0.11020408 0.22857143 288.05712
 0.11020408 0.23673469 287.83965
 0.11020408 0.24489796 287.55719
 0.11020408 0.25306122 287.19499
 0.11020408 0.26122449 286.73655
 0.11020408 0.26938776 286.16385
 0.11020408 0.27755102 285.45774
 0.11020408 0.28571429 284.59860
 0.11020408 0.29387755 283.56705
 0.11020408 0.30204082 282.34492
 0.11020408 0.31020408 280.91628
 0.11020408 0.31836735 279.26849
 0.11020408 0.32653061 277.39329
 0.11020408 0.33469388 275.28768
 0.11020408 0.34285714 272.95459
 0.11020408 0.35102041 270.40329
 0.11020408 0.35918367 267.64931
 0.11020408 0.36734694 264.71405
 0.11020408 0.37551020 261.62400
 0.11020408 0.38367347 258.40971
 0.11020408 0.39183673 255.10469
 0.11020408 0.40000000 251.74434
 0.12244898 0.00000000 292.04284
 0.12244898 0.00816327 292.04284
 0.12244898 0.01632653 292.04283
 0.12244898 0.02448980 292.04283
 0.12244898 0.03265306 292.04283
 0.12244898 0.04081633 292.04281
 0.12244898 0.04897959 292.04280
 0.12244898 0.05714286 292.04276
 0.12244898 0.06530612 292.04271
 0.12244898 0.07346939 292.04262
 0.12244898 0.08163265 292.04247
 0.12244898 0.08979592 292.04222
 0.12244898 0.09795918 292.04183
 0.12244898 0.10612245 292.04119
 0.12244898 0.11428571 292.04019
 0.12244898 0.12244898 292.03862
 0.12244898 0.13061224 292.03619
 0.12244898 0.13877551 292.03250
 0.12244898 0.14693878 292.02692
 0.12244898 0.15510204 292.01861
 0.12244898 0.16326531 292.00638
 0.12244898 0.17142857 291.98858
 0.12244898 0.17959184 291.96301
 0.12244898 0.18775510 291.92672
 0.12244898 0.19591837 291.87583
 0.12244898 0.20408163 291.80535
 0.12244898 0.21224490 291.70896
 0.12244898 0.22040816 291.57877
 0.12244898 0.22857143 291.40512
 0.12244898 0.23673469 291.17642
 0.12244898 0.24489796 290.87903
 0.12244898 0.25306122 290.49725
 0.12244898 0.26122449 290.01337
 0.12244898 0.26938776 289.40796
 0.12244898 0.27755102 288.66026
 0.12244898 0.28571429 287.74877
 0.12244898 0.29387755 286.65206
 0.12244898 0.30204082 285.34964
 0.12244898 0.31020408 283.82314
 0.12244898 0.31836735 282.05736
 0.12244898 0.32653061 280.04147
 0.12244898 0.33469388 277.77005
 0.12244898 0.34285714 275.24394
 0.12244898 0.35102041 272.47086
 0.12244898 0.35918367 269.46567
 0.12244898 0.36734694 266.25022
 0.12244898 0.37551020 262.85289
 0.12244898 0.38367347 259.30775
 0.12244898 0.39183673 255.65347
 0.12244898 0.40000000 251.93210
 0.13469388 0.00000000 294.54759
 0.13469388 0.00816327 294.54759
 0.13469388 0.01632653 294.54759
 0.13469388 0.02448980 294.54759
 0.13469388 0.03265306 294.54758
 0.13469388 0.04081633 294.54757
 0.13469388 0.04897959 294.54755
 0.13469388 0.05714286 294.54752
 0.13469388 0.06530612 294.54746
 0.13469388 0.07346939 294.54737
 0.13469388 0.08163265 294.54721
 0.13469388 0.08979592 294.54696
 0.13469388 0.09795918 294.54655
 0.13469388 0.10612245 294.54590
 0.13469388 0.11428571 294.54486
 0.13469388 0.12244898 294.54324
 0.13469388 0.13061224 294.54074
 0.13469388 0.13877551 294.53692
 0.13469388 0.14693878 294.53117
 0.13469388 0.15510204 294.52258
 0.13469388 0.16326531 294.50994
 0.13469388 0.17142857 294.49155
 0.13469388 0.17959184 294.46511
 0.13469388 0.18775510 294.42757
 0.13469388 0.19591837 294.37490
 0.13469388 0.20408163 294.30193
 0.13469388 0.21224490 294.20208
 0.13469388 0.22040816 294.06712
 0.13469388 0.22857143 293.88701
 0.13469388 0.23673469 293.64962
 0.13469388 0.24489796 293.34070
 0.13469388 0.25306122 292.94375
 0.13469388 0.26122449 292.44017
 0.13469388 0.26938776 291.80944
 0.13469388 0.27755102 291.02956
 0.13469388 0.28571429 290.07763
 0.13469388 0.29387755 288.93063
 0.13469388 0.30204082 287.56641
 0.13469388 0.31020408 285.96479
 0.13469388 0.31836735 284.10878
 0.13469388 0.32653061 281.98579
 0.13469388 0.33469388 279.58882
 0.13469388 0.34285714 276.91744
 0.13469388 0.35102041 273.97857
 0.13469388 0.35918367 270.78690
 0.13469388 0.36734694 267.36494
 0.13469388 0.37551020 263.74266
 0.13469388 0.38367347 259.95677
 0.13469388 0.39183673 256.04956
 0.13469388 0.40000000 252.06757
 0.14693878 0.00000000 296.35353
 0.14693878 0.00816327 296.35353
 0.14693878 0.01632653 296.35353
 0.14693878 0.02448980 296.35353
 0.14693878 0.03265306 296.35352
 0.14693878 0.04081633 296.35351
 0.14693878 0.04897959 296.35349
 0.14693878 0.05714286 296.35345
 0.14693878 0.06530612 296.35340
 0.14693878 0.07346939 296.35330
 0.14693878 0.08163265 296.35314
 0.14693878 0.08979592 296.35288
 0.14693878 0.09795918 296.35247
 0.14693878 0.10612245 296.35180
 0.14693878 0.11428571 296.35074
 0.14693878 0.12244898 296.34908
 0.14693878 0.13061224 296.34652
 0.14693878 0.13877551 296.34262
 0.14693878 0.14693878 296.33672
 0.14693878 0.15510204 296.32794
 0.14693878 0.16326531 296.31500
 0.14693878 0.17142857 296.29616
 0.14693878 0.17959184 296.26907
 0.14693878 0.18775510 296.23060
 0.14693878 0.19591837 296.17661
 0.14693878 0.20408163 296.10177
 0.14693878 0.21224490 295.99933
 0.14693878 0.22040816 295.86082
 0.14693878 0.22857143 295.67586
 0.14693878 0.23673469 295.43198
 0.14693878 0.24489796 295.11441
 0.14693878 0.25306122 294.70612
 0.14693878 0.26122449 294.18780
 0.14693878 0.26938776 293.53814
 0.14693878 0.27755102 292.73422
 0.14693878 0.28571429 291.75212
 0.14693878 0.29387755 290.56768
 0.14693878 0.30204082 289.15754
 0.14693878 0.31020408 287.50029
 0.14693878 0.31836735 285.57767
 0.14693878 0.32653061 283.37594
 0.14693878 0.33469388 280.88707
 0.14693878 0.34285714 278.10990
 0.14693878 0.35102041 275.05092
 0.14693878 0.35918367 271.72490
 0.14693878 0.36734694 268.15493
 0.14693878 0.37551020 264.37225
 0.14693878 0.38367347 260.41542
 0.14693878 0.39183673 256.32923
 0.14693878 0.40000000 252.16318
 0.15918367 0.00000000 297.61987
 0.15918367 0.00816327 297.61986
 0.15918367 0.01632653 297.61986
 0.15918367 0.02448980 297.61986
 0.15918367 0.03265306 297.61985
 0.15918367 0.04081633 297.61984
 0.15918367 0.04897959 297.61982
 0.15918367 0.05714286 297.61979
 0.15918367 0.06530612 297.61973
 0.15918367 0.07346939 297.61963
 0.15918367 0.08163265 297.61947
 0.15918367 0.08979592 297.61921
 0.15918367 0.09795918 297.61878
 0.15918367 0.10612245 297.61810
 0.15918367 0.11428571 297.61703
 0.15918367 0.12244898 297.61534
 0.15918367 0.13061224 297.61274
 0.15918367 0.13877551 297.60877
 0.15918367 0.14693878 297.60278
 0.15918367 0.15510204 297.59385
 0.15918367 0.16326531 297.58069
 0.15918367 0.17142857 297.56153
 0.15918367 0.17959184 297.53398
 0.15918367 0.18775510 297.49483
 0.15918367 0.19591837 297.43988
 0.15918367 0.20408163 297.36370
 0.15918367 0.21224490 297.25938
 0.15918367 0.22040816 297.11829
 0.15918367 0.22857143 296.92983
 0.15918367 0.23673469 296.68123
 0.15918367 0.24489796 296.35741
 0.15918367 0.25306122 295.94089
 0.15918367 0.26122449 295.41190
 0.15918367 0.26938776 294.74855
 0.15918367 0.27755102 293.92726
 0.15918367 0.28571429 292.92339
 0.15918367 0.29387755 291.71200
 0.15918367 0.30204082 290.26889
 0.15918367 0.31020408 288.57178
 0.15918367 0.31836735 286.60159
 0.15918367 0.32653061 284.34383
 0.15918367 0.33469388 281.78983
 0.15918367 0.34285714 278.93796
 0.15918367 0.35102041 275.79454
 0.15918367 0.35918367 272.37444
 0.15918367 0.36734694 268.70128
 0.15918367 0.37551020 264.80716
 0.15918367 0.38367347 260.73195
 0.15918367 0.39183673 256.52211
 0.15918367 0.40000000 252.22911
 0.17142857 0.00000000 298.48370
 0.17142857 0.00816327 298.48370
 0.17142857 0.01632653 298.48369
 0.17142857 0.02448980 298.48369
 0.17142857 0.03265306 298.48368
 0.17142857 0.04081633 298.48367
 0.17142857 0.04897959 298.48365
 0.17142857 0.05714286 298.48362
 0.17142857 0.06530612 298.48356
 0.17142857 0.07346939 298.48346
 0.17142857 0.08163265 298.48330
 0.17142857 0.08979592 298.48303
 0.17142857 0.09795918 298.48260
 0.17142857 0.10612245 298.48192
 0.17142857 0.11428571 298.48083
 0.17142857 0.12244898 298.47913
 0.17142857 0.13061224 298.47650
 0.17142857 0.13877551 298.47248
 0.17142857 0.14693878 298.46642
 0.17142857 0.15510204 298.45739
 0.17142857 0.16326531 298.44408
 0.17142857 0.17142857 298.42469
 0.17142857 0.17959184 298.39681
 0.17142857 0.18775510 298.35719
 0.17142857 0.19591837 298.30156
 0.17142857 0.20408163 298.22444
 0.17142857 0.21224490 298.11880
 0.17142857 0.22040816 297.97589
 0.17142857 0.22857143 297.78497
 0.17142857 0.23673469 297.53306
 0.17142857 0.24489796 297.20485
 0.17142857 0.25306122 296.78256
 0.17142857 0.26122449 296.24609
 0.17142857 0.26938776 295.57314
 0.17142857 0.27755102 294.73971
 0.17142857 0.28571429 293.72064
 0.17142857 0.29387755 292.49046
 0.17142857 0.30204082 291.02441
 0.17142857 0.31020408 289.29964
 0.17142857 0.31836735 287.29655
 0.17142857 0.32653061 285.00012
 0.17142857 0.33469388 282.40132
 0.17142857 0.34285714 279.49825
 0.17142857 0.35102041 276.29714
 0.17142857 0.35918367 272.81300
 0.17142857 0.36734694 269.06979
 0.17142857 0.37551020 265.10025
 0.17142857 0.38367347 260.94512
 0.17142857 0.39183673 256.65194
 0.17142857 0.40000000 252.27348
 0.18367347 0.00000000 299.05712
 0.18367347 0.00816327 299.05712
 0.18367347 0.01632653 299.05712
 0.18367347 0.02448980 299.05712
 0.18367347 0.03265306 299.05711
 0.18367347 0.04081633 299.05710
 0.18367347 0.04897959 299.05708
 0.18367347 0.05714286 299.05705
 0.18367347 0.06530612 299.05699
 0.18367347 0.07346939 299.05689
 0.18367347 0.08163265 299.05672
 0.18367347 0.08979592 299.05646
 0.18367347 0.09795918 299.05602
 0.18367347 0.10612245 299.05533
 0.18367347 0.11428571 299.05423
 0.18367347 0.12244898 299.05252
 0.18367347 0.13061224 299.04987
 0.18367347 0.13877551 299.04583
 0.18367347 0.14693878 299.03972
 0.18367347 0.15510204 299.03062
 0.18367347 0.16326531 299.01720
 0.18367347 0.17142857 298.99766
 0.18367347 0.17959184 298.96956
 0.18367347 0.18775510 298.92961
 0.18367347 0.19591837 298.87353
 0.18367347 0.20408163 298.79575
 0.18367347 0.21224490 298.68922
 0.18367347 0.22040816 298.54508
 0.18367347 0.22857143 298.35247
 0.18367347 0.23673469 298.09831
 0.18367347 0.24489796 297.76710
 0.18367347 0.25306122 297.34090
 0.18367347 0.26122449 296.79933
 0.18367347 0.26938776 296.11988
 0.18367347 0.27755102 295.27821
 0.18367347 0.28571429 294.24885
 0.18367347 0.29387755 293.00597
 0.18367347 0.30204082 291.52445
 0.18367347 0.31020408 289.78107
 0.18367347 0.31836735 287.75587
 0.18367347 0.32653061 285.43356
 0.18367347 0.33469388 282.80483
 0.18367347 0.34285714 279.86766
 0.18367347 0.35102041 276.62824
 0.18367347 0.35918367 273.10166
 0.18367347 0.36734694 269.31216
 0.18367347 0.37551020 265.29289
 0.18367347 0.38367347 261.08515
 0.18367347 0.39183673 256.73720
 0.18367347 0.40000000 252.30262
 0.19591837 0.00000000 299.42766
 0.19591837 0.00816327 299.42766
 0.19591837 0.01632653 299.42766
 0.19591837 0.02448980 299.42766
 0.19591837 0.03265306 299.42765
 0.19591837 0.04081633 299.42764
 0.19591837 0.04897959 299.42762
 0.19591837 0.05714286 299.42759
 0.19591837 0.06530612 299.42753
 0.19591837 0.07346939 299.42743
 0.19591837 0.08163265 299.42726
 0.19591837 0.08979592 299.42699
 0.19591837 0.09795918 299.42656
 0.19591837 0.10612245 299.42586
 0.19591837 0.11428571 299.42476
 0.19591837 0.12244898 299.42304
 0.19591837 0.13061224 299.42038
 0.19591837 0.13877551 299.41631
 0.19591837 0.14693878 299.41018
 0.19591837 0.15510204 299.40102
 0.19591837 0.16326531 299.38754
 0.19591837 0.17142857 299.36790
 0.19591837 0.17959184 299.33964
 0.19591837 0.18775510 299.29949
 0.19591837 0.19591837 299.24310
 0.19591837 0.20408163 299.16490
 0.19591837 0.21224490 299.05776
 0.19591837 0.22040816 298.91281
 0.19591837 0.22857143 298.71909
 0.19591837 0.23673469 298.46344
 0.19591837 0.24489796 298.13026
 0.19591837 0.25306122 297.70146
 0.19591837 0.26122449 297.15654
 0.19591837 0.26938776 296.47279
 0.19591837 0.27755102 295.62571
 0.19591837 0.28571429 294.58959
 0.19591837 0.29387755 293.33837
 0.19591837 0.30204082 291.84672
 0.19591837 0.31020408 290.09118
 0.19591837 0.31836735 288.05157
 0.19591837 0.32653061 285.71241
 0.19591837 0.33469388 283.06426
 0.19591837 0.34285714 280.10500
 0.19591837 0.35102041 276.84081
 0.19591837 0.35918367 273.28686
 0.19591837 0.36734694 269.46758
 0.19591837 0.37551020 265.41635
 0.19591837 0.38367347 261.17486
 0.19591837 0.39183673 256.79181
 0.19591837 0.40000000 252.32128
 0.20816327 0.00000000 299.66082
 0.20816327 0.00816327 299.66082
 0.20816327 0.01632653 299.66082
 0.20816327 0.02448980 299.66081
 0.20816327 0.03265306 299.66081
 0.20816327 0.04081633 299.66079
 0.20816327 0.04897959 299.66077
 0.20816327 0.05714286 299.66074
 0.20816327 0.06530612 299.66068
 0.20816327 0.07346939 299.66058
 0.20816327 0.08163265 299.66041
 0.20816327 0.08979592 299.66014
 0.20816327 0.09795918 299.65971
 0.20816327 0.10612245 299.65901
 0.20816327 0.11428571 299.65790
 0.20816327 0.12244898 299.65618
 0.20816327 0.13061224 299.65351
 0.20816327 0.13877551 299.64943
 0.20816327 0.14693878 299.64327
 0.20816327 0.15510204 299.63409
 0.20816327 0.16326531 299.62056
 0.20816327 0.17142857 299.60086
 0.20816327 0.17959184 299.57251
 0.20816327 0.18775510 299.53221
 0.20816327 0.19591837 299.47563
 0.20816327 0.20408163 299.39715
 0.20816327 0.21224490 299.28964
 0.20816327 0.22040816 299.14415
 0.20816327 0.22857143 298.94973
 0.20816327 0.23673469 298.69312
 0.20816327 0.24489796 298.35866
 0.20816327 0.25306122 297.92820
 0.20816327 0.26122449 297.38114
 0.20816327 0.26938776 296.69464
 0.20816327 0.27755102 295.84410
 0.20816327 0.28571429 294.80366
 0.20816327 0.29387755 293.54714
 0.20816327 0.30204082 292.04904
 0.20816327 0.31020408 290.28577
 0.20816327 0.31836735 288.23703
 0.20816327 0.32653061 285.88721
 0.20816327 0.33469388 283.22679
 0.20816327 0.34285714 280.25360
 0.20816327 0.35102041 276.97383
 0.20816327 0.35918367 273.40270
 0.20816327 0.36734694 269.56474
 0.20816327 0.37551020 265.49350
 0.20816327 0.38367347 261.23090
 0.20816327 0.39183673 256.82591
 0.20816327 0.40000000 252.33293
 0.22040816 0.00000000 299.80372
 0.22040816 0.00816327 299.80372
 0.22040816 0.01632653 299.80372
 0.22040816 0.02448980 299.80372
 0.22040816 0.03265306 299.80371
 0.22040816 0.04081633 299.80370
 0.22040816 0.04897959 299.80368
 0.22040816 0.05714286 299.80364
 0.22040816 0.06530612 299.80358
 0.22040816 0.07346939 299.80348
 0.22040816 0.08163265 299.80332
 0.22040816 0.08979592 299.80305
 0.22040816 0.09795918 299.80261
 0.22040816 0.10612245 299.80191
 0.22040816 0.11428571 299.80080
 0.22040816 0.12244898 299.79907
 0.22040816 0.13061224 299.79640
 0.22040816 0.13877551 299.79231
 0.22040816 0.14693878 299.78614
 0.22040816 0.15510204 299.77694
 0.22040816 0.16326531 299.76338
 0.22040816 0.17142857 299.74364
 0.22040816 0.17959184 299.71523
 0.22040816 0.18775510 299.67485
 0.22040816 0.19591837 299.61814
 0.22040816 0.20408163 299.53949
 0.22040816 0.21224490 299.43174
 0.22040816 0.22040816 299.28593
 0.22040816 0.22857143 299.09106
 0.22040816 0.23673469 298.83385
 0.22040816 0.24489796 298.49860
 0.22040816 0.25306122 298.06711
 0.22040816 0.26122449 297.51870
 0.22040816 0.26938776 296.83050
 0.22040816 0.27755102 295.97780
 0.22040816 0.28571429 294.93469
 0.22040816 0.29387755 293.67488
 0.22040816 0.30204082 292.17279
 0.22040816 0.31020408 290.40475
 0.22040816 0.31836735 288.35038
 0.22040816 0.32653061 285.99400
 0.22040816 0.33469388 283.32604
 0.22040816 0.34285714 280.34430
 0.22040816 0.35102041 277.05499
 0.22040816 0.35918367 273.47334
 0.22040816 0.36734694 269.62396
 0.22040816 0.37551020 265.54052
 0.22040816 0.38367347 261.26504
 0.22040816 0.39183673 256.84668
 0.22040816 0.40000000 252.34002
 0.23265306 0.00000000 299.88907
 0.23265306 0.00816327 299.88907
 0.23265306 0.01632653 299.88907
 0.23265306 0.02448980 299.88906
 0.23265306 0.03265306 299.88906
 0.23265306 0.04081633 299.88905
 0.23265306 0.04897959 299.88902
 0.23265306 0.05714286 299.88899
 0.23265306 0.06530612 299.88893
 0.23265306 0.07346939 299.88883
 0.23265306 0.08163265 299.88867
 0.23265306 0.08979592 299.88839
 0.23265306 0.09795918 299.88796
 0.23265306 0.10612245 299.88726
 0.23265306 0.11428571 299.88615
 0.23265306 0.12244898 299.88441
 0.23265306 0.13061224 299.88174
 0.23265306 0.13877551 299.87765
 0.23265306 0.14693878 299.87147
 0.23265306 0.15510204 299.86226
 0.23265306 0.16326531 299.84868
 0.23265306 0.17142857 299.82891
 0.23265306 0.17959184 299.80047
 0.23265306 0.18775510 299.76003
 0.23265306 0.19591837 299.70325
 0.23265306 0.20408163 299.62450
 0.23265306 0.21224490 299.51660
 0.23265306 0.22040816 299.37059
 0.23265306 0.22857143 299.17545
 0.23265306 0.23673469 298.91788
 0.23265306 0.24489796 298.58215
 0.23265306 0.25306122 298.15003
 0.23265306 0.26122449 297.60081
 0.23265306 0.26938776 296.91158
 0.23265306 0.27755102 296.05758
 0.23265306 0.28571429 295.01285
 0.23265306 0.29387755 293.75106
 0.23265306 0.30204082 292.24657
 0.23265306 0.31020408 290.47567
 0.23265306 0.31836735 288.41791
 0.23265306 0.32653061 286.05759
 0.23265306 0.33469388 283.38512
 0.23265306 0.34285714 280.39828
 0.23265306 0.35102041 277.10326
 0.23265306 0.35918367 273.51535
 0.23265306 0.36734694 269.65917
 0.23265306 0.37551020 265.56846
 0.23265306 0.38367347 261.28533
 0.23265306 0.39183673 256.85902
 0.23265306 0.40000000 252.34424
 0.24489796 0.00000000 299.93876
 0.24489796 0.00816327 299.93876
 0.24489796 0.01632653 299.93875
 0.24489796 0.02448980 299.93875
 0.24489796 0.03265306 299.93874
 0.24489796 0.04081633 299.93873
 0.24489796 0.04897959 299.93871
 0.24489796 0.05714286 299.93868
 0.24489796 0.06530612 299.93862
 0.24489796 0.07346939 299.93852
 0.24489796 0.08163265 299.93835
 0.24489796 0.08979592 299.93808
 0.24489796 0.09795918 299.93764
 0.24489796 0.10612245 299.93694
 0.24489796 0.11428571 299.93583
 0.24489796 0.12244898 299.93410
 0.24489796 0.13061224 299.93142
 0.24489796 0.13877551 299.92732
 0.24489796 0.14693878 299.92114
 0.24489796 0.15510204 299.91193
 0.24489796 0.16326531 299.89834
 0.24489796 0.17142857 299.87856
 0.24489796 0.17959184 299.85009
 0.24489796 0.18775510 299.80962
 0.24489796 0.19591837 299.75280
 0.24489796 0.20408163 299.67398
 0.24489796 0.21224490 299.56600
 0.24489796 0.22040816 299.41987
 0.24489796 0.22857143 299.22457
 0.24489796 0.23673469 298.96678
 0.24489796 0.24489796 298.63077
 0.24489796 0.25306122 298.19828
 0.24489796 0.26122449 297.64859
 0.24489796 0.26938776 296.95875
 0.24489796 0.27755102 296.10399
 0.24489796 0.28571429 295.05831
 0.24489796 0.29387755 293.79535
 0.24489796 0.30204082 292.28946
 0.24489796 0.31020408 290.51687
 0.24489796 0.31836735 288.45714
 0.24489796 0.32653061 286.09452
 0.24489796 0.33469388 283.41942
 0.24489796 0.34285714 280.42960
 0.24489796 0.35102041 277.13127
 0.24489796 0.35918367 273.53971
 0.24489796 0.36734694 269.67958
 0.24489796 0.37551020 265.58465
 0.24489796 0.38367347 261.29708
 0.24489796 0.39183673 256.86617
 0.24489796 0.40000000 252.34668
 0.25714286 0.00000000 299.96696
 0.25714286 0.00816327 299.96696
 0.25714286 0.01632653 299.96696
 0.25714286 0.02448980 299.96696
 0.25714286 0.03265306 299.96695
 0.25714286 0.04081633 299.96694
 0.25714286 0.04897959 299.96692
 0.25714286 0.05714286 299.96688
 0.25714286 0.06530612 299.96682
 0.25714286 0.07346939 299.96672
 0.25714286 0.08163265 299.96656
 0.25714286 0.08979592 299.96629
 0.25714286 0.09795918 299.96585
 0.25714286 0.10612245 299.96515
 0.25714286 0.11428571 299.96404
 0.25714286 0.12244898 299.96230
 0.25714286 0.13061224 299.95962
 0.25714286 0.13877551 299.95553
 0.25714286 0.14693878 299.94934
 0.25714286 0.15510204 299.94012
 0.25714286 0.16326531 299.92653
 0.25714286 0.17142857 299.90674
 0.25714286 0.17959184 299.87826
 0.25714286 0.18775510 299.83777
 0.25714286 0.19591837 299.78093
 0.25714286 0.20408163 299.70207
 0.25714286 0.21224490 299.59404
 0.25714286 0.22040816 299.44784
 0.25714286 0.22857143 299.25245
 0.25714286 0.23673469 298.99454
 0.25714286 0.24489796 298.65837
 0.25714286 0.25306122 298.22566
 0.25714286 0.26122449 297.67570
 0.25714286 0.26938776 296.98551
 0.25714286 0.27755102 296.13031
 0.25714286 0.28571429 295.08409
 0.25714286 0.29387755 293.82047
 0.25714286 0.30204082 292.31377
 0.25714286 0.31020408 290.54023
 0.25714286 0.31836735 288.47937
 0.25714286 0.32653061 286.11544
 0.25714286 0.33469388 283.43884
 0.25714286 0.34285714 280.44734
 0.25714286 0.35102041 277.14712
 0.25714286 0.35918367 273.55349
 0.25714286 0.36734694 269.69113
 0.25714286 0.37551020 265.59381
 0.25714286 0.38367347 261.30373
 0.25714286 0.39183673 256.87022
 0.25714286 0.40000000 252.34806
 0.26938776 0.00000000 299.98258
 0.26938776 0.00816327 299.98258
 0.26938776 0.01632653 299.98258
 0.26938776 0.02448980 299.98258
 0.26938776 0.03265306 299.98257
 0.26938776 0.04081633 299.98256
 0.26938776 0.04897959 299.98254
 0.26938776 0.05714286 299.98250
 0.26938776 0.06530612 299.98244
 0.26938776 0.07346939 299.98234
 0.26938776 0.08163265 299.98218
 0.26938776 0.08979592 299.98191
 0.26938776 0.09795918 299.98147
 0.26938776 0.10612245 299.98077
 0.26938776 0.11428571 299.97966
 0.26938776 0.12244898 299.97792
 0.26938776 0.13061224 299.97524
 0.26938776 0.13877551 299.97114
 0.26938776 0.14693878 299.96496
 0.26938776 0.15510204 299.95574
 0.26938776 0.16326531 299.94214
 0.26938776 0.17142857 299.92234
 0.26938776 0.17959184 299.89385
 0.26938776 0.18775510 299.85336
 0.26938776 0.19591837 299.79650
 0.26938776 0.20408163 299.71763
 0.26938776 0.21224490 299.60957
 0.26938776 0.22040816 299.46333
 0.26938776 0.22857143 299.26788
 0.26938776 0.23673469 299.00991
 0.26938776 0.24489796 298.67364
 0.26938776 0.25306122 298.24082
 0.26938776 0.26122449 297.69070
 0.26938776 0.26938776 297.00032
 0.26938776 0.27755102 296.14487
 0.26938776 0.28571429 295.09835
 0.26938776 0.29387755 293.83436
 0.26938776 0.30204082 292.32722
 0.26938776 0.31020408 290.55314
 0.26938776 0.31836735 288.49165
 0.26938776 0.32653061 286.12701
 0.26938776 0.33469388 283.44957
 0.26938776 0.34285714 280.45713
 0.26938776 0.35102041 277.15587
 0.26938776 0.35918367 273.56111
 0.26938776 0.36734694 269.69750
 0.26938776 0.37551020 265.59887
 0.26938776 0.38367347 261.30740
 0.26938776 0.39183673 256.87245
 0.26938776 0.40000000 252.34883
 0.28163265 0.00000000 299.99102
 0.28163265 0.00816327 299.99102
 0.28163265 0.01632653 299.99102
 0.28163265 0.02448980 299.99102
 0.28163265 0.03265306 299.99101
 0.28163265 0.04081633 299.99100
 0.28163265 0.04897959 299.99098
 0.28163265 0.05714286 299.99094
 0.28163265 0.06530612 299.99088
 0.28163265 0.07346939 299.99078
 0.28163265 0.08163265 299.99062
 0.28163265 0.08979592 299.99035
 0.28163265 0.09795918 299.98991
 0.28163265 0.10612245 299.98921
 0.28163265 0.11428571 299.98810
 0.28163265 0.12244898 299.98636
 0.28163265 0.13061224 299.98368
 0.28163265 0.13877551 299.97958
 0.28163265 0.14693878 299.97340
 0.28163265 0.15510204 299.96417
 0.28163265 0.16326531 299.95058
 0.28163265 0.17142857 299.93077
 0.28163265 0.17959184 299.90228
 0.28163265 0.18775510 299.86178
 0.28163265 0.19591837 299.80492
 0.28163265 0.20408163 299.72603
 0.28163265 0.21224490 299.61795
 0.28163265 0.22040816 299.47170
 0.28163265 0.22857143 299.27622
 0.28163265 0.23673469 299.01821
 0.28163265 0.24489796 298.68190
 0.28163265 0.25306122 298.24901
 0.28163265 0.26122449 297.69881
 0.28163265 0.26938776 297.00832
 0.28163265 0.27755102 296.15274
 0.28163265 0.28571429 295.10605
 0.28163265 0.29387755 293.84186
 0.28163265 0.30204082 292.33447
 0.28163265 0.31020408 290.56011
 0.28163265 0.31836735 288.49828
 0.28163265 0.32653061 286.13324
 0.28163265 0.33469388 283.45536
 0.28163265 0.34285714 280.46241
 0.28163265 0.35102041 277.16059
 0.28163265 0.35918367 273.56521
 0.28163265 0.36734694 269.70094
 0.28163265 0.37551020 265.60159
 0.28163265 0.38367347 261.30938
 0.28163265 0.39183673 256.87365
 0.28163265 0.40000000 252.34924
 0.29387755 0.00000000 299.99548
 0.29387755 0.00816327 299.99548
 0.29387755 0.01632653 299.99547
 0.29387755 0.02448980 299.99547
 0.29387755 0.03265306 299.99546
 0.29387755 0.04081633 299.99545
 0.29387755 0.04897959 299.99543
 0.29387755 0.05714286 299.99540
 0.29387755 0.06530612 299.99534
 0.29387755 0.07346939 299.99524
 0.29387755 0.08163265 299.99507
 0.29387755 0.08979592 299.99480
 0.29387755 0.09795918 299.99436
 0.29387755 0.10612245 299.99366
 0.29387755 0.11428571 299.99255
 0.29387755 0.12244898 299.99081
 0.29387755 0.13061224 299.98813
 0.29387755 0.13877551 299.98403
 0.29387755 0.14693878 299.97785
 0.29387755 0.15510204 299.96862
 0.29387755 0.16326531 299.95502
 0.29387755 0.17142857 299.93522
 0.29387755 0.17959184 299.90673
 0.29387755 0.18775510 299.86623
 0.29387755 0.19591837 299.80935
 0.29387755 0.20408163 299.73047
 0.29387755 0.21224490 299.62238
 0.29387755 0.22040816 299.47611
 0.29387755 0.22857143 299.28062
 0.29387755 0.23673469 299.02259
 0.29387755 0.24489796 298.68625
 0.29387755 0.25306122 298.25333
 0.29387755 0.26122449 297.70308
 0.29387755 0.26938776 297.01254
 0.29387755 0.27755102 296.15689
 0.29387755 0.28571429 295.11011
 0.29387755 0.29387755 293.84581
 0.29387755 0.30204082 292.33830
 0.29387755 0.31020408 290.56378
 0.29387755 0.31836735 288.50178
 0.29387755 0.32653061 286.13653
 0.29387755 0.33469388 283.45841
 0.29387755 0.34285714 280.46519
 0.29387755 0.35102041 277.16308
 0.29387755 0.35918367 273.56737
 0.29387755 0.36734694 269.70275
 0.29387755 0.37551020 265.60302
 0.29387755 0.38367347 261.31042
 0.29387755 0.39183673 256.87428
 0.29387755 0.40000000 252.34945
 0.30612245 0.00000000 299.99777
 0.30612245 0.00816327 299.99777
 0.30612245 0.01632653 299.99777
 0.30612245 0.02448980 299.99776
 0.30612245 0.03265306 299.99776
 0.30612245 0.04081633 299.99774
 0.30612245 0.04897959 299.99772
 0.30612245 0.05714286 299.99769
 0.30612245 0.06530612 299.99763
 0.30612245 0.07346939 299.99753
 0.30612245 0.08163265 299.99736
 0.30612245 0.08979592 299.99709
 0.30612245 0.09795918 299.99665
 0.30612245 0.10612245 299.99595
 0.30612245 0.11428571 299.99484
 0.30612245 0.12244898 299.99311
 0.30612245 0.13061224 299.99042
 0.30612245 0.13877551 299.98633
 0.30612245 0.14693878 299.98014
 0.30612245 0.15510204 299.97092
 0.30612245 0.16326531 299.95732
 0.30612245 0.17142857 299.93751
 0.30612245 0.17959184 299.90902
 0.30612245 0.18775510 299.86852
 0.30612245 0.19591837 299.81164
 0.30612245 0.20408163 299.73275
 0.30612245 0.21224490 299.62466
 0.30612245 0.22040816 299.47838
 0.30612245 0.22857143 299.28289
 0.30612245 0.23673469 299.02484
 0.30612245 0.24489796 298.68849
 0.30612245 0.25306122 298.25555
 0.30612245 0.26122449 297.70528
 0.30612245 0.26938776 297.01471
 0.30612245 0.27755102 296.15902
 0.30612245 0.28571429 295.11220
 0.30612245 0.29387755 293.84785
 0.30612245 0.30204082 292.34027
 0.30612245 0.31020408 290.56567
 0.30612245 0.31836735 288.50357
 0.30612245 0.32653061 286.13822
 0.30612245 0.33469388 283.45998
 0.30612245 0.34285714 280.46662
 0.30612245 0.35102041 277.16435
 0.30612245 0.35918367 273.56848
 0.30612245 0.36734694 269.70367
 0.30612245 0.37551020 265.60376
 0.30612245 0.38367347 261.31095
 0.30612245 0.39183673 256.87461
 0.30612245 0.40000000 252.34956
 0.31836735 0.00000000 299.99892
 0.31836735 0.00816327 299.99892
 0.31836735 0.01632653 299.99892
 0.31836735 0.02448980 299.99892
 0.31836735 0.03265306 299.99891
 0.31836735 0.04081633 299.99890
 0.31836735 0.04897959 299.99888
 0.31836735 0.05714286 299.99884
 0.31836735 0.06530612 299.99878
 0.31836735 0.07346939 299.99868
 0.31836735 0.08163265 299.99852
 0.31836735 0.08979592 299.99825
 0.31836735 0.09795918 299.99781
 0.31836735 0.10612245 299.99711
 0.31836735 0.11428571 299.99600
 0.31836735 0.12244898 299.99426
 0.31836735 0.13061224 299.99158
 0.31836735 0.13877551 299.98748
 0.31836735 0.14693878 299.98129
 0.31836735 0.15510204 299.97207
 0.31836735 0.16326531 299.95847
 0.31836735 0.17142857 299.93867
 0.31836735 0.17959184 299.91017
 0.31836735 0.18775510 299.86967
 0.31836735 0.19591837 299.81279
 0.31836735 0.20408163 299.73390
 0.31836735 0.21224490 299.62581
 0.31836735 0.22040816 299.47953
 0.31836735 0.22857143 299.28403
 0.31836735 0.23673469 299.02598
 0.31836735 0.24489796 298.68962
 0.31836735 0.25306122 298.25667
 0.31836735 0.26122449 297.70639
 0.31836735 0.26938776 297.01580
 0.31836735 0.27755102 296.16009
 0.31836735 0.28571429 295.11325
 0.31836735 0.29387755 293.84887
 0.31836735 0.30204082 292.34126
 0.31836735 0.31020408 290.56662
 0.31836735 0.31836735 288.50448
 0.31836735 0.32653061 286.13907
 0.31836735 0.33469388 283.46077
 0.31836735 0.34285714 280.46734
 0.31836735 0.35102041 277.16500
 0.31836735 0.35918367 273.56904
 0.31836735 0.36734694 269.70414
 0.31836735 0.37551020 265.60413
 0.31836735 0.38367347 261.31122
 0.31836735 0.39183673 256.87477
 0.31836735 0.40000000 252.34962
 0.33061224 0.00000000 299.99949
 0.33061224 0.00816327 299.99949
 0.33061224 0.01632653 299.99949
 0.33061224 0.02448980 299.99948
 0.33061224 0.03265306 299.99948
 0.33061224 0.04081633 299.99947
 0.33061224 0.04897959 299.99945
 0.33061224 0.05714286 299.99941
 0.33061224 0.06530612 299.99935
 0.33061224 0.07346939 299.99925
 0.33061224 0.08163265 299.99908
 0.33061224 0.08979592 299.99881
 0.33061224 0.09795918 299.99838
 0.33061224 0.10612245 299.99767
 0.33061224 0.11428571 299.99656
 0.33061224 0.12244898 299.99483
 0.33061224 0.13061224 299.99215
 0.33061224 0.13877551 299.98805
 0.33061224 0.14693878 299.98186
 0.33061224 0.15510204 299.97264
 0.33061224 0.16326531 299.95904
 0.33061224 0.17142857 299.93923
 0.33061224 0.17959184 299.91074
 0.33061224 0.18775510 299.87023
 0.33061224 0.19591837 299.81336
 0.33061224 0.20408163 299.73446
 0.33061224 0.21224490 299.62637
 0.33061224 0.22040816 299.48009
 0.33061224 0.22857143 299.28459
 0.33061224 0.23673469 299.02654
 0.33061224 0.24489796 298.69017
 0.33061224 0.25306122 298.25722
 0.33061224 0.26122449 297.70693
 0.33061224 0.26938776 297.01634
 0.33061224 0.27755102 296.16062
 0.33061224 0.28571429 295.11377
 0.33061224 0.29387755 293.84937
 0.33061224 0.30204082 292.34174
 0.33061224 0.31020408 290.56709
 0.33061224 0.31836735 288.50492
 0.33061224 0.32653061 286.13948
 0.33061224 0.33469388 283.46115
 0.33061224 0.34285714 280.46770
 0.33061224 0.35102041 277.16531
 0.33061224 0.35918367 273.56931
 0.33061224 0.36734694 269.70437
 0.33061224 0.37551020 265.60431
 0.33061224 0.38367347 261.31135
 0.33061224 0.39183673 256.87485
 0.33061224 0.40000000 252.34965
 0.34285714 0.00000000 299.99976
 0.34285714 0.00816327 299.99976
 0.34285714 0.01632653 299.99976
 0.34285714 0.02448980 299.99976
 0.34285714 0.03265306 299.99975
 0.34285714 0.04081633 299.99974
 0.34285714 0.04897959 299.99972
 0.34285714 0.05714286 299.99968
 0.34285714 0.06530612 299.99962
 0.34285714 0.07346939 299.99952
 0.34285714 0.08163265 299.99936
 0.34285714 0.08979592 299.99909
 0.34285714 0.09795918 299.99865
 0.34285714 0.10612245 299.99795
 0.34285714 0.11428571 299.99684
 0.34285714 0.12244898 299.99510
 0.34285714 0.13061224 299.99242
 0.34285714 0.13877551 299.98832
 0.34285714 0.14693878 299.98213
 0.34285714 0.15510204 299.97291
 0.34285714 0.16326531 299.95931
 0.34285714 0.17142857 299.93951
 0.34285714 0.17959184 299.91101
 0.34285714 0.18775510 299.87051
 0.34285714 0.19591837 299.81363
 0.34285714 0.20408163 299.73473
 0.34285714 0.21224490 299.62664
 0.34285714 0.22040816 299.48036
 0.34285714 0.22857143 299.28486
 0.34285714 0.23673469 299.02681
 0.34285714 0.24489796 298.69044
 0.34285714 0.25306122 298.25748
 0.34285714 0.26122449 297.70719
 0.34285714 0.26938776 297.01659
 0.34285714 0.27755102 296.16088
 0.34285714 0.28571429 295.11401
 0.34285714 0.29387755 293.84962
 0.34285714 0.30204082 292.34198
 0.34285714 0.31020408 290.56731
 0.34285714 0.31836735 288.50513
 0.34285714 0.32653061 286.13968
 0.34285714 0.33469388 283.46134
 0.34285714 0.34285714 280.46787
 0.34285714 0.35102041 277.16546
 0.34285714 0.35918367 273.56944
 0.34285714 0.36734694 269.70448
 0.34285714 0.37551020 265.60440
 0.34285714 0.38367347 261.31141
 0.34285714 0.39183673 256.87489
 0.34285714 0.40000000 252.34966
 0.35510204 0.00000000 299.99989
 0.35510204 0.00816327 299.99989
 0.35510204 0.01632653 299.99989
 0.35510204 0.02448980 299.99989
 0.35510204 0.03265306 299.99988
 0.35510204 0.04081633 299.99987
 0.35510204 0.04897959 299.99985
 0.35510204 0.05714286 299.99981
 0.35510204 0.06530612 299.99975
 0.35510204 0.07346939 299.99965
 0.35510204 0.08163265 299.99949
 0.35510204 0.08979592 299.99922
 0.35510204 0.09795918 299.99878
 0.35510204 0.10612245 299.99807
 0.35510204 0.11428571 299.99696
 0.35510204 0.12244898 299.99523
 0.35510204 0.13061224 299.99255
 0.35510204 0.13877551 299.98845
 0.35510204 0.14693878 299.98226
 0.35510204 0.15510204 299.97304
 0.35510204 0.16326531 299.95944
 0.35510204 0.17142857 299.93963
 0.35510204 0.17959184 299.91114
 0.35510204 0.18775510 299.87063
 0.35510204 0.19591837 299.81376
 0.35510204 0.20408163 299.73486
 0.35510204 0.21224490 299.62677
 0.35510204 0.22040816 299.48049
 0.35510204 0.22857143 299.28498
 0.35510204 0.23673469 299.02693
 0.35510204 0.24489796 298.69056
 0.35510204 0.25306122 298.25761
 0.35510204 0.26122449 297.70732
 0.35510204 0.26938776 297.01672
 0.35510204 0.27755102 296.16100
 0.35510204 0.28571429 295.11413
 0.35510204 0.29387755 293.84973
 0.35510204 0.30204082 292.34209
 0.35510204 0.31020408 290.56741
 0.35510204 0.31836735 288.50523
 0.35510204 0.32653061 286.13978
 0.35510204 0.33469388 283.46143
 0.35510204 0.34285714 280.46794
 0.35510204 0.35102041 277.16553
 0.35510204 0.35918367 273.56950
 0.35510204 0.36734694 269.70453
 0.35510204 0.37551020 265.60444
 0.35510204 0.38367347 261.31144
 0.35510204 0.39183673 256.87491
 0.35510204 0.40000000 252.34967
 0.36734694 0.00000000 299.99995
 0.36734694 0.00816327 299.99995
 0.36734694 0.01632653 299.99995
 0.36734694 0.02448980 299.99994
 0.36734694 0.03265306 299.99994
 0.36734694 0.04081633 299.99993
 0.36734694 0.04897959 299.99991
 0.36734694 0.05714286 299.99987
 0.36734694 0.06530612 299.99981
 0.36734694 0.07346939 299.99971
 0.36734694 0.08163265 299.99954
 0.36734694 0.08979592 299.99927
 0.36734694 0.09795918 299.99884
 0.36734694 0.10612245 299.99813
 0.36734694 0.11428571 299.99702
 0.36734694 0.12244898 299.99529
 0.36734694 0.13061224 299.99260
 0.36734694 0.13877551 299.98851
 0.36734694 0.14693878 299.98232
 0.36734694 0.15510204 299.97310
 0.36734694 0.16326531 299.95950
 0.36734694 0.17142857 299.93969
 0.36734694 0.17959184 299.91120
 0.36734694 0.18775510 299.87069
 0.36734694 0.19591837 299.81382
 0.36734694 0.20408163 299.73492
 0.36734694 0.21224490 299.62683
 0.36734694 0.22040816 299.48055
 0.36734694 0.22857143 299.28504
 0.36734694 0.23673469 299.02699
 0.36734694 0.24489796 298.69062
 0.36734694 0.25306122 298.25766
 0.36734694 0.26122449 297.70737
 0.36734694 0.26938776 297.01677
 0.36734694 0.27755102 296.16105
 0.36734694 0.28571429 295.11418
 0.36734694 0.29387755 293.84978
 0.36734694 0.30204082 292.34214
 0.36734694 0.31020408 290.56746
 0.36734694 0.31836735 288.50528
 0.36734694 0.32653061 286.13982
 0.36734694 0.33469388 283.46147
 0.36734694 0.34285714 280.46798
 0.36734694 0.35102041 277.16557
 0.36734694 0.35918367 273.56953
 0.36734694 0.36734694 269.70456
 0.36734694 0.37551020 265.60446
 0.36734694 0.38367347 261.31146
 0.36734694 0.39183673 256.87492
 0.36734694 0.40000000 252.34967
 0.37959184 0.00000000 299.99998
 0.37959184 0.00816327 299.99998
 0.37959184 0.01632653 299.99997
 0.37959184 0.02448980 299.99997
 0.37959184 0.03265306 299.99996
 0.37959184 0.04081633 299.99995
 0.37959184 0.04897959 299.99993
 0.37959184 0.05714286 299.99990
 0.37959184 0.06530612 299.99984
 0.37959184 0.07346939 299.99974
 0.37959184 0.08163265 299.99957
 0.37959184 0.08979592 299.99930
 0.37959184 0.09795918 299.99886
 0.37959184 0.10612245 299.99816
 0.37959184 0.11428571 299.99705
 0.37959184 0.12244898 299.99531
 0.37959184 0.13061224 299.99263
 0.37959184 0.13877551 299.98853
 0.37959184 0.14693878 299.98235
 0.37959184 0.15510204 299.97312
 0.37959184 0.16326531 299.95952
 0.37959184 0.17142857 299.93972
 0.37959184 0.17959184 299.91122
 0.37959184 0.18775510 299.87072
 0.37959184 0.19591837 299.81384
 0.37959184 0.20408163 299.73495
 0.37959184 0.21224490 299.62685
 0.37959184 0.22040816 299.48057
 0.37959184 0.22857143 299.28507
 0.37959184 0.23673469 299.02702
 0.37959184 0.24489796 298.69065
 0.37959184 0.25306122 298.25769
 0.37959184 0.26122449 297.70740
 0.37959184 0.26938776 297.01680
 0.37959184 0.27755102 296.16107
 0.37959184 0.28571429 295.11421
 0.37959184 0.29387755 293.84981
 0.37959184 0.30204082 292.34216
 0.37959184 0.31020408 290.56749
 0.37959184 0.31836735 288.50530
 0.37959184 0.32653061 286.13984
 0.37959184 0.33469388 283.46148
 0.37959184 0.34285714 280.46800
 0.37959184 0.35102041 277.16558
 0.37959184 0.35918367 273.56954
 0.37959184 0.36734694 269.70457
 0.37959184 0.37551020 265.60447
 0.37959184 0.38367347 261.31146
 0.37959184 0.39183673 256.87492
 0.37959184 0.40000000 252.34967
 0.39183673 0.00000000 299.99999
 0.39183673 0.00816327 299.99999
 0.39183673 0.01632653 299.99999
 0.39183673 0.02448980 299.99998
 0.39183673 0.03265306 299.99998
 0.39183673 0.04081633 299.99996
 0.39183673 0.04897959 299.99994
 0.39183673 0.05714286 299.99991
 0.39183673 0.06530612 299.99985
 0.39183673 0.07346939 299.99975
 0.39183673 0.08163265 299.99958
 0.39183673 0.08979592 299.99931
 0.39183673 0.09795918 299.99887
 0.39183673 0.10612245 299.99817
 0.39183673 0.11428571 299.99706
 0.39183673 0.12244898 299.99533
 0.39183673 0.13061224 299.99264
 0.39183673 0.13877551 299.98855
 0.39183673 0.14693878 299.98236
 0.39183673 0.15510204 299.97313
 0.39183673 0.16326531 299.95954
 0.39183673 0.17142857 299.93973
 0.39183673 0.17959184 299.91124
 0.39183673 0.18775510 299.87073
 0.39183673 0.19591837 299.81385
 0.39183673 0.20408163 299.73496
 0.39183673 0.21224490 299.62686
 0.39183673 0.22040816 299.48058
 0.39183673 0.22857143 299.28508
 0.39183673 0.23673469 299.02703
 0.39183673 0.24489796 298.69066
 0.39183673 0.25306122 298.25770
 0.39183673 0.26122449 297.70741
 0.39183673 0.26938776 297.01681
 0.39183673 0.27755102 296.16109
 0.39183673 0.28571429 295.11422
 0.39183673 0.29387755 293.84982
 0.39183673 0.30204082 292.34217
 0.39183673 0.31020408 290.56749
 0.39183673 0.31836735 288.50531
 0.39183673 0.32653061 286.13985
 0.39183673 0.33469388 283.46149
 0.39183673 0.34285714 280.46800
 0.39183673 0.35102041 277.16559
 0.39183673 0.35918367 273.56955
 0.39183673 0.36734694 269.70457
 0.39183673 0.37551020 265.60447
 0.39183673 0.38367347 261.31147
 0.39183673 0.39183673 256.87492
 0.39183673 0.40000000 252.34967
 0.40408163 0.00000000 299.99999
 0.40408163 0.00816327 299.99999
 0.40408163 0.01632653 299.99999
 0.40408163 0.02448980 299.99999
 0.40408163 0.03265306 299.99998
 0.40408163 0.04081633 299.99997
 0.40408163 0.04897959 299.99995
 0.40408163 0.05714286 299.99991
 0.40408163 0.06530612 299.99985
 0.40408163 0.07346939 299.99975
 0.40408163 0.08163265 299.99959
 0.40408163 0.08979592 299.99932
 0.40408163 0.09795918 299.99888
 0.40408163 0.10612245 299.99818
 0.40408163 0.11428571 299.99707
 0.40408163 0.12244898 299.99533
 0.40408163 0.13061224 299.99265
 0.40408163 0.13877551 299.98855
 0.40408163 0.14693878 299.98237
 0.40408163 0.15510204 299.97314
 0.40408163 0.16326531 299.95954
 0.40408163 0.17142857 299.93974
 0.40408163 0.17959184 299.91124
 0.40408163 0.18775510 299.87074
 0.40408163 0.19591837 299.81386
 0.40408163 0.20408163 299.73496
 0.40408163 0.21224490 299.62687
 0.40408163 0.22040816 299.48059
 0.40408163 0.22857143 299.28508
 0.40408163 0.23673469 299.02703
 0.40408163 0.24489796 298.69066
 0.40408163 0.25306122 298.25770
 0.40408163 0.26122449 297.70741
 0.40408163 0.26938776 297.01681
 0.40408163 0.27755102 296.16109
 0.40408163 0.28571429 295.11422
 0.40408163 0.29387755 293.84982
 0.40408163 0.30204082 292.34217
 0.40408163 0.31020408 290.56750
 0.40408163 0.31836735 288.50531
 0.40408163 0.32653061 286.13985
 0.40408163 0.33469388 283.46150
 0.40408163 0.34285714 280.46801
 0.40408163 0.35102041 277.16559
 0.40408163 0.35918367 273.56955
 0.40408163 0.36734694 269.70457
 0.40408163 0.37551020 265.60447
 0.40408163 0.38367347 261.31147
 0.40408163 0.39183673 256.87492
 0.40408163 0.40000000 252.34967
 0.41632653 0.00000000 300.00000
 0.41632653 0.00816327 300.00000
 0.41632653 0.01632653 299.99999
 0.41632653 0.02448980 299.99999
 0.41632653 0.03265306 299.99998
 0.41632653 0.04081633 299.99997
 0.41632653 0.04897959 299.99995
 0.41632653 0.05714286 299.99992
 0.41632653 0.06530612 299.99986
 0.41632653 0.07346939 299.99976
 0.41632653 0.08163265 299.99959
 0.41632653 0.08979592 299.99932
 0.41632653 0.09795918 299.99888
 0.41632653 0.10612245 299.99818
 0.41632653 0.11428571 299.99707
 0.41632653 0.12244898 299.99533
 0.41632653 0.13061224 299.99265
 0.41632653 0.13877551 299.98855
 0.41632653 0.14693878 299.98237
 0.41632653 0.15510204 299.97314
 0.41632653 0.16326531 299.95954
 0.41632653 0.17142857 299.93974
 0.41632653 0.17959184 299.91124
 0.41632653 0.18775510 299.87074
 0.41632653 0.19591837 299.81386
 0.41632653 0.20408163 299.73497
 0.41632653 0.21224490 299.62687
 0.41632653 0.22040816 299.48059
 0.41632653 0.22857143 299.28509
 0.41632653 0.23673469 299.02703
 0.41632653 0.24489796 298.69067
 0.41632653 0.25306122 298.25771
 0.41632653 0.26122449 297.70742
 0.41632653 0.26938776 297.01681
 0.41632653 0.27755102 296.16109
 0.41632653 0.28571429 295.11423
 0.41632653 0.29387755 293.84982
 0.41632653 0.30204082 292.34217
 0.41632653 0.31020408 290.56750
 0.41632653 0.31836735 288.50531
 0.41632653 0.32653061 286.13985
 0.41632653 0.33469388 283.46150
 0.41632653 0.34285714 280.46801
 0.41632653 0.35102041 277.16559
 0.41632653 0.35918367 273.56955
 0.41632653 0.36734694 269.70457
 0.41632653 0.37551020 265.60447
 0.41632653 0.38367347 261.31147
 0.41632653 0.39183673 256.87492
 0.41632653 0.40000000 252.34967
 0.42857143 0.00000000 300.00000
 0.42857143 0.00816327 300.00000
 0.42857143 0.01632653 299.99999
 0.42857143 0.02448980 299.99999
 0.42857143 0.03265306 299.99998
 0.42857143 0.04081633 299.99997
 0.42857143 0.04897959 299.99995
 0.42857143 0.05714286 299.99992
 0.42857143 0.06530612 299.99986
 0.42857143 0.07346939 299.99976
 0.42857143 0.08163265 299.99959
 0.42857143 0.08979592 299.99932
 0.42857143 0.09795918 299.99888
 0.42857143 0.10612245 299.99818
 0.42857143 0.11428571 299.99707
 0.42857143 0.12244898 299.99533
 0.42857143 0.13061224 299.99265
 0.42857143 0.13877551 299.98855
 0.42857143 0.14693878 299.98237
 0.42857143 0.15510204 299.97314
 0.42857143 0.16326531 299.95954
 0.42857143 0.17142857 299.93974
 0.42857143 0.17959184 299.91124
 0.42857143 0.18775510 299.87074
 0.42857143 0.19591837 299.81386
 0.42857143 0.20408163 299.73497
 0.42857143 0.21224490 299.62687
 0.42857143 0.22040816 299.48059
 0.42857143 0.22857143 299.28509
 0.42857143 0.23673469 299.02703
 0.42857143 0.24489796 298.69067
 0.42857143 0.25306122 298.25771
 0.42857143 0.26122449 297.70742
 0.42857143 0.26938776 297.01682
 0.42857143 0.27755102 296.16109
 0.42857143 0.28571429 295.11423
 0.42857143 0.29387755 293.84982
 0.42857143 0.30204082 292.34218
 0.42857143 0.31020408 290.56750
 0.42857143 0.31836735 288.50531
 0.42857143 0.32653061 286.13986
 0.42857143 0.33469388 283.46150
 0.42857143 0.34285714 280.46801
 0.42857143 0.35102041 277.16559
 0.42857143 0.35918367 273.56955
 0.42857143 0.36734694 269.70457
 0.42857143 0.37551020 265.60447
 0.42857143 0.38367347 261.31147
 0.42857143 0.39183673 256.87492
 0.42857143 0.40000000 252.34967
 0.44081633 0.00000000 300.00000
 0.44081633 0.00816327 300.00000
 0.44081633 0.01632653 299.99999
 0.44081633 0.02448980 299.99999
 0.44081633 0.03265306 299.99998
 0.44081633 0.04081633 299.99997
 0.44081633 0.04897959 299.99995
 0.44081633 0.05714286 299.99992
 0.44081633 0.06530612 299.99986
 0.44081633 0.07346939 299.99976
 0.44081633 0.08163265 299.99959
 0.44081633 0.08979592 299.99932
 0.44081633 0.09795918 299.99888
 0.44081633 0.10612245 299.99818
 0.44081633 0.11428571 299.99707
 0.44081633 0.12244898 299.99533
 0.44081633 0.13061224 299.99265
 0.44081633 0.13877551 299.98855
 0.44081633 0.14693878 299.98237
 0.44081633 0.15510204 299.97314
 0.44081633 0.16326531 299.95954
 0.44081633 0.17142857 299.93974
 0.44081633 0.17959184 299.91124
 0.44081633 0.18775510 299.87074
 0.44081633 0.19591837 299.81386
 0.44081633 0.20408163 299.73497
 0.44081633 0.21224490 299.62687
 0.44081633 0.22040816 299.48059
 0.44081633 0.22857143 299.28509
 0.44081633 0.23673469 299.02703
 0.44081633 0.24489796 298.69067
 0.44081633 0.25306122 298.25771
 0.44081633 0.26122449 297.70742
 0.44081633 0.26938776 297.01682
 0.44081633 0.27755102 296.16109
 0.44081633 0.28571429 295.11423
 0.44081633 0.29387755 293.84982
 0.44081633 0.30204082 292.34218
 0.44081633 0.31020408 290.56750
 0.44081633 0.31836735 288.50531
 0.44081633 0.32653061 286.13986
 0.44081633 0.33469388 283.46150
 0.44081633 0.34285714 280.46801
 0.44081633 0.35102041 277.16559
 0.44081633 0.35918367 273.56955
 0.44081633 0.36734694 269.70457
 0.44081633 0.37551020 265.60447
 0.44081633 0.38367347 261.31147
 0.44081633 0.39183673 256.87492
 0.44081633 0.40000000 252.34967
 0.45306122 0.00000000 300.00000
 0.45306122 0.00816327 300.00000
 0.45306122 0.01632653 299.99999
 0.45306122 0.02448980 299.99999
 0.45306122 0.03265306 299.99998
 0.45306122 0.04081633 299.99997
 0.45306122 0.04897959 299.99995
 0.45306122 0.05714286 299.99992
 0.45306122 0.06530612 299.99986
 0.45306122 0.07346939 299.99976
 0.45306122 0.08163265 299.99959
 0.45306122 0.08979592 299.99932
 0.45306122 0.09795918 299.99888
 0.45306122 0.10612245 299.99818
 0.45306122 0.11428571 299.99707
 0.45306122 0.12244898 299.99533
 0.45306122 0.13061224 299.99265
 0.45306122 0.13877551 299.98855
 0.45306122 0.14693878 299.98237
 0.45306122 0.15510204 299.97314
 0.45306122 0.16326531 299.95954
 0.45306122 0.17142857 299.93974
 0.45306122 0.17959184 299.91124
 0.45306122 0.18775510 299.87074
 0.45306122 0.19591837 299.81386
 0.45306122 0.20408163 299.73497
 0.45306122 0.21224490 299.62687
 0.45306122 0.22040816 299.48059
 0.45306122 0.22857143 299.28509
 0.45306122 0.23673469 299.02704
 0.45306122 0.24489796 298.69067
 0.45306122 0.25306122 298.25771
 0.45306122 0.26122449 297.70742
 0.45306122 0.26938776 297.01682
 0.45306122 0.27755102 296.16109
 0.45306122 0.28571429 295.11423
 0.45306122 0.29387755 293.84982
 0.45306122 0.30204082 292.34218
 0.45306122 0.31020408 290.56750
 0.45306122 0.31836735 288.50531
 0.45306122 0.32653061 286.13986
 0.45306122 0.33469388 283.46150
 0.45306122 0.34285714 280.46801
 0.45306122 0.35102041 277.16559
 0.45306122 0.35918367 273.56955
 0.45306122 0.36734694 269.70457
 0.45306122 0.37551020 265.60447
 0.45306122 0.38367347 261.31147
 0.45306122 0.39183673 256.87492
 0.45306122 0.40000000 252.34967
 0.46530612 0.00000000 300.00000
 0.46530612 0.00816327 300.00000
 0.46530612 0.01632653 299.99999
 0.46530612 0.02448980 299.99999
 0.46530612 0.03265306 299.99998
 0.46530612 0.04081633 299.99997
 0.46530612 0.04897959 299.99995
 0.46530612 0.05714286 299.99992
 0.46530612 0.06530612 299.99986
 0.46530612 0.07346939 299.99976
 0.46530612 0.08163265 299.99959
 0.46530612 0.08979592 299.99932
 0.46530612 0.09795918 299.99888
 0.46530612 0.10612245 299.99818
 0.46530612 0.11428571 299.99707
 0.46530612 0.12244898 299.99533
 0.46530612 0.13061224 299.99265
 0.46530612 0.13877551 299.98855
 0.46530612 0.14693878 299.98237
 0.46530612 0.15510204 299.97314
 0.46530612 0.16326531 299.95954
 0.46530612 0.17142857 299.93974
 0.46530612 0.17959184 299.91124
 0.46530612 0.18775510 299.87074
 0.46530612 0.19591837 299.81386
 0.46530612 0.20408163 299.73497
 0.46530612 0.21224490 299.62687
 0.46530612 0.22040816 299.48059
 0.46530612 0.22857143 299.28509
 0.46530612 0.23673469 299.02704
 0.46530612 0.24489796 298.69067
 0.46530612 0.25306122 298.25771
 0.46530612 0.26122449 297.70742
 0.46530612 0.26938776 297.01682
 0.46530612 0.27755102 296.16109
 0.46530612 0.28571429 295.11423
 0.46530612 0.29387755 293.84982
 0.46530612 0.30204082 292.34218
 0.46530612 0.31020408 290.56750
 0.46530612 0.31836735 288.50531
 0.46530612 0.32653061 286.13986
 0.46530612 0.33469388 283.46150
 0.46530612 0.34285714 280.46801
 0.46530612 0.35102041 277.16559
 0.46530612 0.35918367 273.56955
 0.46530612 0.36734694 269.70457
 0.46530612 0.37551020 265.60447
 0.46530612 0.38367347 261.31147
 0.46530612 0.39183673 256.87492
 0.46530612 0.40000000 252.34967
 0.47755102 0.00000000 300.00000
 0.47755102 0.00816327 300.00000
 0.47755102 0.01632653 299.99999
 0.47755102 0.02448980 299.99999
 0.47755102 0.03265306 299.99998
 0.47755102 0.04081633 299.99997
 0.47755102 0.04897959 299.99995
 0.47755102 0.05714286 299.99992
 0.47755102 0.06530612 299.99986
 0.47755102 0.07346939 299.99976
 0.47755102 0.08163265 299.99959
 0.47755102 0.08979592 299.99932
 0.47755102 0.09795918 299.99888
 0.47755102 0.10612245 299.99818
 0.47755102 0.11428571 299.99707
 0.47755102 0.12244898 299.99533
 0.47755102 0.13061224 299.99265
 0.47755102 0.13877551 299.98855
 0.47755102 0.14693878 299.98237
 0.47755102 0.15510204 299.97314
 0.47755102 0.16326531 299.95954
 0.47755102 0.17142857 299.93974
 0.47755102 0.17959184 299.91124
 0.47755102 0.18775510 299.87074
 0.47755102 0.19591837 299.81386
 0.47755102 0.20408163 299.73497
 0.47755102 0.21224490 299.62687
 0.47755102 0.22040816 299.48059
 0.47755102 0.22857143 299.28509
 0.47755102 0.23673469 299.02704
 0.47755102 0.24489796 298.69067
 0.47755102 0.25306122 298.25771
 0.47755102 0.26122449 297.70742
 0.47755102 0.26938776 297.01682
 0.47755102 0.27755102 296.16109
 0.47755102 0.28571429 295.11423
 0.47755102 0.29387755 293.84982
 0.47755102 0.30204082 292.34218
 0.47755102 0.31020408 290.56750
 0.47755102 0.31836735 288.50531
 0.47755102 0.32653061 286.13986
 0.47755102 0.33469388 283.46150
 0.47755102 0.34285714 280.46801
 0.47755102 0.35102041 277.16559
 0.47755102 0.35918367 273.56955
 0.47755102 0.36734694 269.70457
 0.47755102 0.37551020 265.60448
 0.47755102 0.38367347 261.31147
 0.47755102 0.39183673 256.87492
 0.47755102 0.40000000 252.34967
 0.48979592 0.00000000 300.00000
 0.48979592 0.00816327 300.00000
 0.48979592 0.01632653 299.99999
 0.48979592 0.02448980 299.99999
 0.48979592 0.03265306 299.99998
 0.48979592 0.04081633 299.99997
 0.48979592 0.04897959 299.99995
 0.48979592 0.05714286 299.99992
 0.48979592 0.06530612 299.99986
 0.48979592 0.07346939 299.99976
 0.48979592 0.08163265 299.99959
 0.48979592 0.08979592 299.99932
 0.48979592 0.09795918 299.99888
 0.48979592 0.10612245 299.99818
 0.48979592 0.11428571 299.99707
 0.48979592 0.12244898 299.99533
 0.48979592 0.13061224 299.99265
 0.48979592 0.13877551 299.98855
 0.48979592 0.14693878 299.98237
 0.48979592 0.15510204 299.97314
 0.48979592 0.16326531 299.95954
 0.48979592 0.17142857 299.93974
 0.48979592 0.17959184 299.91124
 0.48979592 0.18775510 299.87074
 0.48979592 0.19591837 299.81386
 0.48979592 0.20408163 299.73497
 0.48979592 0.21224490 299.62687
 0.48979592 0.22040816 299.48059
 0.48979592 0.22857143 299.28509
 0.48979592 0.23673469 299.02704
 0.48979592 0.24489796 298.69067
 0.48979592 0.25306122 298.25771
 0.48979592 0.26122449 297.70742
 0.48979592 0.26938776 297.01682
 0.48979592 0.27755102 296.16109
 0.48979592 0.28571429 295.11423
 0.48979592 0.29387755 293.84982
 0.48979592 0.30204082 292.34218
 0.48979592 0.31020408 290.56750
 0.48979592 0.31836735 288.50531
 0.48979592 0.32653061 286.13986
 0.48979592 0.33469388 283.46150
 0.48979592 0.34285714 280.46801
 0.48979592 0.35102041 277.16559
 0.48979592 0.35918367 273.56955
 0.48979592 0.36734694 269.70457
 0.48979592 0.37551020 265.60448
 0.48979592 0.38367347 261.31147
 0.48979592 0.39183673 256.87492
 0.48979592 0.40000000 252.34967
 0.50204082 0.00000000 300.00000
 0.50204082 0.00816327 300.00000
 0.50204082 0.01632653 299.99999
 0.50204082 0.02448980 299.99999
 0.50204082 0.03265306 299.99998
 0.50204082 0.04081633 299.99997
 0.50204082 0.04897959 299.99995
 0.50204082 0.05714286 299.99992
 0.50204082 0.06530612 299.99986
 0.50204082 0.07346939 299.99976
 0.50204082 0.08163265 299.99959
 0.50204082 0.08979592 299.99932
 0.50204082 0.09795918 299.99888
 0.50204082 0.10612245 299.99818
 0.50204082 0.11428571 299.99707
 0.50204082 0.12244898 299.99533
 0.50204082 0.13061224 299.99265
 0.50204082 0.13877551 299.98855
 0.50204082 0.14693878 299.98237
 0.50204082 0.15510204 299.97314
 0.50204082 0.16326531 299.95954
 0.50204082 0.17142857 299.93974
 0.50204082 0.17959184 299.91124
 0.50204082 0.18775510 299.87074
 0.50204082 0.19591837 299.81386
 0.50204082 0.20408163 299.73497
 0.50204082 0.21224490 299.62687
 0.50204082 0.22040816 299.48059
 0.50204082 0.22857143 299.28509
 0.50204082 0.23673469 299.02704
 0.50204082 0.24489796 298.69067
 0.50204082 0.25306122 298.25771
 0.50204082 0.26122449 297.70742
 0.50204082 0.26938776 297.01682
 0.50204082 0.27755102 296.16109
 0.50204082 0.28571429 295.11423
 0.50204082 0.29387755 293.84982
 0.50204082 0.30204082 292.34218
 0.50204082 0.31020408 290.56750
 0.50204082 0.31836735 288.50531
 0.50204082 0.32653061 286.13986
 0.50204082 0.33469388 283.46150
 0.50204082 0.34285714 280.46801
 0.50204082 0.35102041 277.16559
 0.50204082 0.35918367 273.56955
 0.50204082 0.36734694 269.70457
 0.50204082 0.37551020 265.60448
 0.50204082 0.38367347 261.31147
 0.50204082 0.39183673 256.87492
 0.50204082 0.40000000 252.34967
 0.51428571 0.00000000 300.00000
 0.51428571 0.00816327 300.00000
 0.51428571 0.01632653 299.99999
 0.51428571 0.02448980 299.99999
 0.51428571 0.03265306 299.99998
 0.51428571 0.04081633 299.99997
 0.51428571 0.04897959 299.99995
 0.51428571 0.05714286 299.99992
 0.51428571 0.06530612 299.99986
 0.51428571 0.07346939 299.99976
 0.51428571 0.08163265 299.99959
 0.51428571 0.08979592 299.99932
 0.51428571 0.09795918 299.99888
 0.51428571 0.10612245 299.99818
 0.51428571 0.11428571 299.99707
 0.51428571 0.12244898 299.99533
 0.51428571 0.13061224 299.99265
 0.51428571 0.13877551 299.98855
 0.51428571 0.14693878 299.98237
 0.51428571 0.15510204 299.97314
 0.51428571 0.16326531 299.95954
 0.51428571 0.17142857 299.93974
 0.51428571 0.17959184 299.91124
 0.51428571 0.18775510 299.87074
 0.51428571 0.19591837 299.81386
 0.51428571 0.20408163 299.73497
 0.51428571 0.21224490 299.62687
 0.51428571 0.22040816 299.48059
 0.51428571 0.22857143 299.28509
 0.51428571 0.23673469 299.02704
 0.51428571 0.24489796 298.69067
 0.51428571 0.25306122 298.25771
 0.51428571 0.26122449 297.70742
 0.51428571 0.26938776 297.01682
 0.51428571 0.27755102 296.16109
 0.51428571 0.28571429 295.11423
 0.51428571 0.29387755 293.84982
 0.51428571 0.30204082 292.34218
 0.51428571 0.31020408 290.56750
 0.51428571 0.31836735 288.50531
 0.51428571 0.32653061 286.13986
 0.51428571 0.33469388 283.46150
 0.51428571 0.34285714 280.46801
 0.51428571 0.35102041 277.16559
 0.51428571 0.35918367 273.56955
 0.51428571 0.36734694 269.70457
 0.51428571 0.37551020 265.60448
 0.51428571 0.38367347 261.31147
 0.51428571 0.39183673 256.87492
 0.51428571 0.40000000 252.34967
 0.52653061 0.00000000 300.00000
 0.52653061 0.00816327 300.00000
 0.52653061 0.01632653 299.99999
 0.52653061 0.02448980 299.99999
 0.52653061 0.03265306 299.99998
 0.52653061 0.04081633 299.99997
 0.52653061 0.04897959 299.99995
 0.52653061 0.05714286 299.99992
 0.52653061 0.06530612 299.99986
 0.52653061 0.07346939 299.99976
 0.52653061 0.08163265 299.99959
 0.52653061 0.08979592 299.99932
 0.52653061 0.09795918 299.99888
 0.52653061 0.10612245 299.99818
 0.52653061 0.11428571 299.99707
 0.52653061 0.12244898 299.99533
 0.52653061 0.13061224 299.99265
 0.52653061 0.13877551 299.98855
 0.52653061 0.14693878 299.98237
 0.52653061 0.15510204 299.97314
 0.52653061 0.16326531 299.95954
 0.52653061 0.17142857 299.93974
 0.52653061 0.17959184 299.91124
 0.52653061 0.18775510 299.87074
 0.52653061 0.19591837 299.81386
 0.52653061 0.20408163 299.73497
 0.52653061 0.21224490 299.62687
 0.52653061 0.22040816 299.48059
 0.52653061 0.22857143 299.28509
 0.52653061 0.23673469 299.02704
 0.52653061 0.24489796 298.69067
 0.52653061 0.25306122 298.25771
 0.52653061 0.26122449 297.70742
 0.52653061 0.26938776 297.01682
 0.52653061 0.27755102 296.16109
 0.52653061 0.28571429 295.11423
 0.52653061 0.29387755 293.84982
 0.52653061 0.30204082 292.34218
 0.52653061 0.31020408 290.56750
 0.52653061 0.31836735 288.50531
 0.52653061 0.32653061 286.13986
 0.52653061 0.33469388 283.46150
 0.52653061 0.34285714 280.46801
 0.52653061 0.35102041 277.16559
 0.52653061 0.35918367 273.56955
 0.52653061 0.36734694 269.70457
 0.52653061 0.37551020 265.60448
 0.52653061 0.38367347 261.31147
 0.52653061 0.39183673 256.87492
 0.52653061 0.40000000 252.34967
 0.53877551 0.00000000 300.00000
 0.53877551 0.00816327 300.00000
 0.53877551 0.01632653 299.99999
 0.53877551 0.02448980 299.99999
 0.53877551 0.03265306 299.99998
 0.53877551 0.04081633 299.99997
 0.53877551 0.04897959 299.99995
 0.53877551 0.05714286 299.99992
 0.53877551 0.06530612 299.99986
 0.53877551 0.07346939 299.99976
 0.53877551 0.08163265 299.99959
 0.53877551 0.08979592 299.99932
 0.53877551 0.09795918 299.99888
 0.53877551 0.10612245 299.99818
 0.53877551 0.11428571 299.99707
 0.53877551 0.12244898 299.99533
 0.53877551 0.13061224 299.99265
 0.53877551 0.13877551 299.98855
 0.53877551 0.14693878 299.98237
 0.53877551 0.15510204 299.97314
 0.53877551 0.16326531 299.95954
 0.53877551 0.17142857 299.93974
 0.53877551 0.17959184 299.91124
 0.53877551 0.18775510 299.87074
 0.53877551 0.19591837 299.81386
 0.53877551 0.20408163 299.73497
 0.53877551 0.21224490 299.62687
 0.53877551 0.22040816 299.48059
 0.53877551 0.22857143 299.28509
 0.53877551 0.23673469 299.02704
 0.53877551 0.24489796 298.69067
 0.53877551 0.25306122 298.25771
 0.53877551 0.26122449 297.70742
 0.53877551 0.26938776 297.01682
 0.53877551 0.27755102 296.16109
 0.53877551 0.28571429 295.11423
 0.53877551 0.29387755 293.84982
 0.53877551 0.30204082 292.34218
 0.53877551 0.31020408 290.56750
 0.53877551 0.31836735 288.50531
 0.53877551 0.32653061 286.13986
 0.53877551 0.33469388 283.46150
 0.53877551 0.34285714 280.46801
 0.53877551 0.35102041 277.16559
 0.53877551 0.35918367 273.56955
 0.53877551 0.36734694 269.70457
 0.53877551 0.37551020 265.60448
 0.53877551 0.38367347 261.31147
 0.53877551 0.39183673 256.87492
 0.53877551 0.40000000 252.34967
 0.55102041 0.00000000 300.00000
 0.55102041 0.00816327 300.00000
 0.55102041 0.01632653 299.99999
 0.55102041 0.02448980 299.99999
 0.55102041 0.03265306 299.99998
 0.55102041 0.04081633 299.99997
 0.55102041 0.04897959 299.99995
 0.55102041 0.05714286 299.99992
 0.55102041 0.06530612 299.99986
 0.55102041 0.07346939 299.99976
 0.55102041 0.08163265 299.99959
 0.55102041 0.08979592 299.99932
 0.55102041 0.09795918 299.99888
 0.55102041 0.10612245 299.99818
 0.55102041 0.11428571 299.99707
 0.55102041 0.12244898 299.99533
 0.55102041 0.13061224 299.99265
 0.55102041 0.13877551 299.98855
 0.55102041 0.14693878 299.98237
 0.55102041 0.15510204 299.97314
 0.55102041 0.16326531 299.95954
 0.55102041 0.17142857 299.93974
 0.55102041 0.17959184 299.91124
 0.55102041 0.18775510 299.87074
 0.55102041 0.19591837 299.81386
 0.55102041 0.20408163 299.73497
 0.55102041 0.21224490 299.62687
 0.55102041 0.22040816 299.48059
 0.55102041 0.22857143 299.28509
 0.55102041 0.23673469 299.02704
 0.55102041 0.24489796 298.69067
 0.55102041 0.25306122 298.25771
 0.55102041 0.26122449 297.70742
 0.55102041 0.26938776 297.01682
 0.55102041 0.27755102 296.16109
 0.55102041 0.28571429 295.11423
 0.55102041 0.29387755 293.84982
 0.55102041 0.30204082 292.34218
 0.55102041 0.31020408 290.56750
 0.55102041 0.31836735 288.50531
 0.55102041 0.32653061 286.13986
 0.55102041 0.33469388 283.46150
 0.55102041 0.34285714 280.46801
 0.55102041 0.35102041 277.16559
 0.55102041 0.35918367 273.56955
 0.55102041 0.36734694 269.70457
 0.55102041 0.37551020 265.60448
 0.55102041 0.38367347 261.31147
 0.55102041 0.39183673 256.87492
 0.55102041 0.40000000 252.34967
 0.56326531 0.00000000 300.00000
 0.56326531 0.00816327 300.00000
 0.56326531 0.01632653 299.99999
 0.56326531 0.02448980 299.99999
 0.56326531 0.03265306 299.99998
 0.56326531 0.04081633 299.99997
 0.56326531 0.04897959 299.99995
 0.56326531 0.05714286 299.99992
 0.56326531 0.06530612 299.99986
 0.56326531 0.07346939 299.99976
 0.56326531 0.08163265 299.99959
 0.56326531 0.08979592 299.99932
 0.56326531 0.09795918 299.99888
 0.56326531 0.10612245 299.99818
 0.56326531 0.11428571 299.99707
 0.56326531 0.12244898 299.99533
 0.56326531 0.13061224 299.99265
 0.56326531 0.13877551 299.98855
 0.56326531 0.14693878 299.98237
 0.56326531 0.15510204 299.97314
 0.56326531 0.16326531 299.95954
 0.56326531 0.17142857 299.93974
 0.56326531 0.17959184 299.91124
 0.56326531 0.18775510 299.87074
 0.56326531 0.19591837 299.81386
 0.56326531 0.20408163 299.73497
 0.56326531 0.21224490 299.62687
 0.56326531 0.22040816 299.48059
 0.56326531 0.22857143 299.28509
 0.56326531 0.23673469 299.02704
 0.56326531 0.24489796 298.69067
 0.56326531 0.25306122 298.25771
 0.56326531 0.26122449 297.70742
 0.56326531 0.26938776 297.01682
 0.56326531 0.27755102 296.16109
 0.56326531 0.28571429 295.11423
 0.56326531 0.29387755 293.84982
 0.56326531 0.30204082 292.34218
 0.56326531 0.31020408 290.56750
 0.56326531 0.31836735 288.50531
 0.56326531 0.32653061 286.13986
 0.56326531 0.33469388 283.46150
 0.56326531 0.34285714 280.46801
 0.56326531 0.35102041 277.16559
 0.56326531 0.35918367 273.56955
 0.56326531 0.36734694 269.70457
 0.56326531 0.37551020 265.60448
 0.56326531 0.38367347 261.31147
 0.56326531 0.39183673 256.87492
 0.56326531 0.40000000 252.34967
 0.57551020 0.00000000 300.00000
 0.57551020 0.00816327 300.00000
 0.57551020 0.01632653 299.99999
 0.57551020 0.02448980 299.99999
 0.57551020 0.03265306 299.99998
 0.57551020 0.04081633 299.99997
 0.57551020 0.04897959 299.99995
 0.57551020 0.05714286 299.99992
 0.57551020 0.06530612 299.99986
 0.57551020 0.07346939 299.99976
 0.57551020 0.08163265 299.99959
 0.57551020 0.08979592 299.99932
 0.57551020 0.09795918 299.99888
 0.57551020 0.10612245 299.99818
 0.57551020 0.11428571 299.99707
 0.57551020 0.12244898 299.99533
 0.57551020 0.13061224 299.99265
 0.57551020 0.13877551 299.98855
 0.57551020 0.14693878 299.98237
 0.57551020 0.15510204 299.97314
 0.57551020 0.16326531 299.95954
 0.57551020 0.17142857 299.93974
 0.57551020 0.17959184 299.91124
 0.57551020 0.18775510 299.87074
 0.57551020 0.19591837 299.81386
 0.57551020 0.20408163 299.73497
 0.57551020 0.21224490 299.62687
 0.57551020 0.22040816 299.48059
 0.57551020 0.22857143 299.28509
 0.57551020 0.23673469 299.02704
 0.57551020 0.24489796 298.69067
 0.57551020 0.25306122 298.25771
 0.57551020 0.26122449 297.70742
 0.57551020 0.26938776 297.01682
 0.57551020 0.27755102 296.16109
 0.57551020 0.28571429 295.11423
 0.57551020 0.29387755 293.84982
 0.57551020 0.30204082 292.34218
 0.57551020 0.31020408 290.56750
 0.57551020 0.31836735 288.50531
 0.57551020 0.32653061 286.13986
 0.57551020 0.33469388 283.46150
 0.57551020 0.34285714 280.46801
 0.57551020 0.35102041 277.16559
 0.57551020 0.35918367 273.56955
 0.57551020 0.36734694 269.70457
 0.57551020 0.37551020 265.60448
 0.57551020 0.38367347 261.31147
 0.57551020 0.39183673 256.87492
 0.57551020 0.40000000 252.34967
 0.58775510 0.00000000 300.00000
 0.58775510 0.00816327 300.00000
 0.58775510 0.01632653 299.99999
 0.58775510 0.02448980 299.99999
 0.58775510 0.03265306 299.99998
 0.58775510 0.04081633 299.99997
 0.58775510 0.04897959 299.99995
 0.58775510 0.05714286 299.99992
 0.58775510 0.06530612 299.99986
 0.58775510 0.07346939 299.99976
 0.58775510 0.08163265 299.99959
 0.58775510 0.08979592 299.99932
 0.58775510 0.09795918 299.99888
 0.58775510 0.10612245 299.99818
 0.58775510 0.11428571 299.99707
 0.58775510 0.12244898 299.99533
 0.58775510 0.13061224 299.99265
 0.58775510 0.13877551 299.98855
 0.58775510 0.14693878 299.98237
 0.58775510 0.15510204 299.97314
 0.58775510 0.16326531 299.95954
 0.58775510 0.17142857 299.93974
 0.58775510 0.17959184 299.91124
 0.58775510 0.18775510 299.87074
 0.58775510 0.19591837 299.81386
 0.58775510 0.20408163 299.73497
 0.58775510 0.21224490 299.62687
 0.58775510 0.22040816 299.48059
 0.58775510 0.22857143 299.28509
 0.58775510 0.23673469 299.02704
 0.58775510 0.24489796 298.69067
 0.58775510 0.25306122 298.25771
 0.58775510 0.26122449 297.70742
 0.58775510 0.26938776 297.01682
 0.58775510 0.27755102 296.16109
 0.58775510 0.28571429 295.11423
 0.58775510 0.29387755 293.84982
 0.58775510 0.30204082 292.34218
 0.58775510 0.31020408 290.56750
 0.58775510 0.31836735 288.50531
 0.58775510 0.32653061 286.13986
 0.58775510 0.33469388 283.46150
 0.58775510 0.34285714 280.46801
 0.58775510 0.35102041 277.16559
 0.58775510 0.35918367 273.56955
 0.58775510 0.36734694 269.70457
 0.58775510 0.37551020 265.60448
 0.58775510 0.38367347 261.31147
 0.58775510 0.39183673 256.87492
 0.58775510 0.40000000 252.34967
 0.60000000 0.00000000 300.00000
 0.60000000 0.00816327 300.00000
 0.60000000 0.01632653 299.99999
 0.60000000 0.02448980 299.99999
 0.60000000 0.03265306 299.99998
 0.60000000 0.04081633 299.99997
 0.60000000 0.04897959 299.99995
 0.60000000 0.05714286 299.99992
 0.60000000 0.06530612 299.99986
 0.60000000 0.07346939 299.99976
 0.60000000 0.08163265 299.99959
 0.60000000 0.08979592 299.99932
 0.60000000 0.09795918 299.99888
 0.60000000 0.10612245 299.99818
 0.60000000 0.11428571 299.99707
 0.60000000 0.12244898 299.99533
 0.60000000 0.13061224 299.99265
 0.60000000 0.13877551 299.98855
 0.60000000 0.14693878 299.98237
 0.60000000 0.15510204 299.97314
 0.60000000 0.16326531 299.95954
 0.60000000 0.17142857 299.93974
 0.60000000 0.17959184 299.91124
 0.60000000 0.18775510 299.87074
 0.60000000 0.19591837 299.81386
 0.60000000 0.20408163 299.73497
 0.60000000 0.21224490 299.62687
 0.60000000 0.22040816 299.48059
 0.60000000 0.22857143 299.28509
 0.60000000 0.23673469 299.02704
 0.60000000 0.24489796 298.69067
 0.60000000 0.25306122 298.25771
 0.60000000 0.26122449 297.70742
 0.60000000 0.26938776 297.01682
 0.60000000 0.27755102 296.16109
 0.60000000 0.28571429 295.11423
 0.60000000 0.29387755 293.84982
 0.60000000 0.30204082 292.34218
 0.60000000 0.31020408 290.56750
 0.60000000 0.31836735 288.50531
 0.60000000 0.32653061 286.13986
 0.60000000 0.33469388 283.46150
 0.60000000 0.34285714 280.46801
 0.60000000 0.35102041 277.16559
 0.60000000 0.35918367 273.56955
 0.60000000 0.36734694 269.70457
 0.60000000 0.37551020 265.60448
 0.60000000 0.38367347 261.31147
 0.60000000 0.39183673 256.87492
 0.60000000 0.40000000 252.34967
