0.00000000
0.00816327
0.01632653
0.02448980
0.03265306
0.04081633
0.04897959
0.05714286
0.06530612
0.07346939
0.08163265
0.08979592
0.09795918
0.10612245
0.11428571
0.12244898
0.13061224
0.13877551
0.14693878
0.15510204
0.16326531
0.17142857
0.17959184
0.18775510
0.19591837
0.20408163
0.21224490
0.22040816
0.22857143
0.23673469
0.24489796
0.25306122
0.26122449
0.26938776
0.27755102
0.28571429
0.29387755
0.30204082
0.31020408
0.31836735
0.32653061
0.33469388
0.34285714
0.35102041
0.35918367
0.36734694
0.37551020
0.38367347
0.39183673
0.40000000
